chr1 1 1000 0.393
chr1 1001 2000 0.388
chr1 2001 3000 0.361
chr1 3001 4000 0.352
chr1 4001 5000 0.348
chr1 5001 6000 0.366
chr1 6001 7000 0.36
chr1 7001 8000 0.368
chr1 8001 9000 0.366
chr1 9001 10000 0.335
chr1 10001 11000 0.315
chr1 11001 12000 0.385
chr1 12001 13000 0.539
chr1 13001 14000 0.491
chr1 14001 15000 0.419
chr1 15001 16000 0.486
chr1 16001 17000 0.471
chr1 17001 18000 0.268
chr1 18001 19000 0.346
chr1 19001 20000 0.331
chr1 20001 21000 0.293
chr1 21001 22000 0.331
chr1 22001 23000 0.3
chr1 23001 24000 0.303
chr1 24001 25000 0.347
chr1 25001 26000 0.349
chr1 26001 27000 0.313
chr1 27001 28000 0.329
chr1 28001 29000 0.321
chr1 29001 30000 0.34
chr1 30001 31000 0.369
chr1 31001 32000 0.334
chr1 32001 33000 0.305
chr1 33001 34000 0.337
chr1 34001 35000 0.307
chr1 35001 36000 0.303
chr1 36001 37000 0.312
chr1 37001 38000 0.345
chr1 38001 39000 0.319
chr1 39001 40000 0.33
chr1 40001 41000 0.332
chr1 41001 42000 0.314
chr1 42001 43000 0.319
chr1 43001 44000 0.308
chr1 44001 45000 0.318
chr1 45001 46000 0.336
chr1 46001 47000 0.37
chr1 47001 48000 0.331
chr1 48001 49000 0.356
chr1 49001 50000 0.355
chr1 50001 51000 0.319
chr1 51001 52000 0.363
chr1 52001 53000 0.299
chr1 53001 54000 0.324
chr1 54001 55000 0.359
chr1 55001 56000 0.301
chr1 56001 57000 0.375
chr1 57001 58000 0.384
chr1 58001 59000 0.34
chr1 59001 60000 0.376
chr1 60001 61000 0.323
chr1 61001 62000 0.365
chr1 62001 63000 0.323
chr1 63001 64000 0.354
chr1 64001 65000 0.359
chr1 65001 66000 0.374
chr1 66001 67000 0.339
chr1 67001 68000 0.364
chr1 68001 69000 0.335
chr1 69001 70000 0.359
chr1 70001 71000 0.33
chr1 71001 72000 0.351
chr1 72001 73000 0.335
chr1 73001 74000 0.359
chr1 74001 75000 0.337
chr1 75001 76000 0.332
chr1 76001 77000 0.321
chr1 77001 78000 0.34
chr1 78001 79000 0.323
chr1 79001 80000 0.335
chr1 80001 81000 0.314
chr1 81001 82000 0.311
chr1 82001 83000 0.323
chr1 83001 84000 0.328
chr1 84001 85000 0.317
chr1 85001 86000 0.337
chr1 86001 87000 0.351
chr1 87001 88000 0.324
chr1 88001 89000 0.355
chr1 89001 90000 0.352
chr1 90001 91000 0.331
chr1 91001 92000 0.323
chr1 92001 93000 0.272
chr1 93001 94000 0.309
chr1 94001 95000 0.317
chr1 95001 96000 0.347
chr1 96001 97000 0.321
chr1 97001 98000 0.331
chr1 98001 99000 0.316
chr1 99001 100000 0.281
chr1 100001 101000 0.32
chr1 101001 102000 0.335
chr1 102001 103000 0.354
chr1 103001 104000 0.343
chr1 104001 105000 0.317
chr1 105001 106000 0.36
chr1 106001 107000 0.349
chr1 107001 108000 0.329
chr1 108001 109000 0.325
chr1 109001 110000 0.347
chr1 110001 111000 0.331
chr1 111001 112000 0.356
chr1 112001 113000 0.347
chr1 113001 114000 0.349
chr1 114001 115000 0.385
chr1 115001 116000 0.357
chr1 116001 117000 0.317
chr1 117001 118000 0.403
chr1 118001 119000 0.314
chr1 119001 120000 0.338
chr1 120001 121000 0.319
chr1 121001 122000 0.313
chr1 122001 123000 0.384
chr1 123001 124000 0.505
chr1 124001 125000 0.519
chr1 125001 126000 0.474
chr1 126001 127000 0.414
chr1 127001 128000 0.512
chr1 128001 129000 0.333
chr1 129001 130000 0.33
chr1 130001 131000 0.349
chr1 131001 132000 0.293
chr1 132001 133000 0.307
chr1 133001 134000 0.295
chr1 134001 135000 0.319
chr1 135001 136000 0.307
chr1 136001 137000 0.32
chr1 137001 138000 0.37
chr1 138001 139000 0.304
chr1 139001 140000 0.341
chr1 140001 141000 0.33
chr1 141001 142000 0.292
chr1 142001 143000 0.313
chr1 143001 144000 0.333
chr1 144001 145000 0.317
chr1 145001 146000 0.317
chr1 146001 147000 0.337
chr1 147001 148000 0.319
chr1 148001 149000 0.309
chr1 149001 150000 0.322
chr1 150001 151000 0.383
chr1 151001 152000 0.292
chr1 152001 153000 0.295
chr1 153001 154000 0.335
chr1 154001 155000 0.35
chr1 155001 156000 0.338
chr1 156001 157000 0.317
chr1 157001 158000 0.34
chr1 158001 159000 0.371
chr1 159001 160000 0.361
chr1 160001 161000 0.348
chr1 161001 162000 0.346
chr1 162001 163000 0.355
chr1 163001 164000 0.304
chr1 164001 165000 0.324
chr1 165001 166000 0.304
chr1 166001 167000 0.324
chr1 167001 168000 0.31
chr1 168001 169000 0.336
chr1 169001 170000 0.321
chr1 170001 171000 0.309
chr1 171001 172000 0.262
chr1 172001 173000 0.263
chr1 173001 174000 0.275
chr1 174001 175000 0.286
chr1 175001 176000 0.308
chr1 176001 177000 0.337
chr1 177001 178000 0.349
chr1 178001 179000 0.292
chr1 179001 180000 0.313
chr1 180001 181000 0.319
chr1 181001 182000 0.354
chr1 182001 183000 0.339
chr1 183001 184000 0.358
chr1 184001 185000 0.328
chr1 185001 186000 0.349
chr1 186001 187000 0.324
chr1 187001 188000 0.344
chr1 188001 189000 0.373
chr1 189001 190000 0.338
chr1 190001 191000 0.34
chr1 191001 192000 0.374
chr1 192001 193000 0.387
chr1 193001 194000 0.349
chr1 194001 195000 0.341
chr1 195001 196000 0.362
chr1 196001 197000 0.387
chr1 197001 198000 0.401
chr1 198001 199000 0.372
chr1 199001 200000 0.387
chr1 200001 201000 0.335
chr1 201001 202000 0.315
chr1 202001 203000 0.337
chr1 203001 204000 0.338
chr1 204001 205000 0.333
chr1 205001 206000 0.311
chr1 206001 207000 0.351
chr1 207001 208000 0.352
chr1 208001 209000 0.31
chr1 209001 210000 0.32
chr1 210001 211000 0.342
chr1 211001 212000 0.338
chr1 212001 213000 0.331
chr1 213001 214000 0.336
chr1 214001 215000 0.31
chr1 215001 216000 0.293
chr1 216001 217000 0.322
chr1 217001 218000 0.321
chr1 218001 219000 0.328
chr1 219001 220000 0.321
chr1 220001 221000 0.336
chr1 221001 222000 0.361
chr1 222001 223000 0.364
chr1 223001 224000 0.361
chr1 224001 225000 0.336
chr1 225001 226000 0.339
chr1 226001 227000 0.297
chr1 227001 228000 0.312
chr1 228001 229000 0.324
chr1 229001 230000 0.316
chr1 230001 231000 0.33
chr1 231001 232000 0.319
chr1 232001 233000 0.329
chr1 233001 234000 0.318
chr1 234001 235000 0.318
chr1 235001 236000 0.379
chr1 236001 237000 0.388
chr1 237001 238000 0.322
chr1 238001 239000 0.34
chr1 239001 240000 0.297
chr1 240001 241000 0.237
chr1 241001 242000 0.284
chr1 242001 243000 0.277
chr1 243001 244000 0.292
chr1 244001 245000 0.305
chr1 245001 246000 0.348
chr1 246001 247000 0.359
chr1 247001 248000 0.323
chr1 248001 249000 0.292
chr1 249001 250000 0.312
chr1 250001 251000 0.352
chr1 251001 252000 0.329
chr1 252001 253000 0.383
chr1 253001 254000 0.331
chr1 254001 255000 0.298
chr1 255001 256000 0.348
chr1 256001 257000 0.375
chr1 257001 258000 0.363
chr1 258001 259000 0.293
chr1 259001 260000 0.331
chr1 260001 261000 0.299
chr1 261001 262000 0.35
chr1 262001 263000 0.293
chr1 263001 264000 0.255
chr1 264001 265000 0.281
chr1 265001 266000 0.318
chr1 266001 267000 0.341
chr1 267001 268000 0.335
chr1 268001 269000 0.341
chr1 269001 270000 0.3
chr1 270001 271000 0.36
chr1 271001 272000 0.326
chr1 272001 273000 0.306
chr1 273001 274000 0.356
chr1 274001 275000 0.354
chr1 275001 276000 0.298
chr1 276001 277000 0.377
chr1 277001 278000 0.369
chr1 278001 279000 0.345
chr1 279001 280000 0.381
chr1 280001 281000 0.403
chr1 281001 282000 0.314
chr1 282001 283000 0.321
chr1 283001 284000 0.336
chr1 284001 285000 0.334
chr1 285001 286000 0.332
chr1 286001 287000 0.311
chr1 287001 288000 0.316
chr1 288001 289000 0.331
chr1 289001 290000 0.318
chr1 290001 291000 0.321
chr1 291001 292000 0.28
chr1 292001 293000 0.336
chr1 293001 294000 0.334
chr1 294001 295000 0.374
chr1 295001 296000 0.301
chr1 296001 297000 0.313
chr1 297001 298000 0.339
chr1 298001 299000 0.295
chr1 299001 300000 0.338
chr1 300001 301000 0.329
chr1 301001 302000 0.313
chr1 302001 303000 0.294
chr1 303001 304000 0.332
chr1 304001 305000 0.302
chr1 305001 306000 0.293
chr1 306001 307000 0.28
chr1 307001 308000 0.328
chr1 308001 309000 0.331
chr1 309001 310000 0.317
chr1 310001 311000 0.322
chr1 311001 312000 0.308
chr1 312001 313000 0.291
chr1 313001 314000 0.311
chr1 314001 315000 0.318
chr1 315001 316000 0.329
chr1 316001 317000 0.365
chr1 317001 318000 0.313
chr1 318001 319000 0.323
chr1 319001 320000 0.296
chr1 320001 321000 0.337
chr1 321001 322000 0.28
chr1 322001 323000 0.313
chr1 323001 324000 0.348
chr1 324001 325000 0.34
chr1 325001 326000 0.329
chr1 326001 327000 0.327
chr1 327001 328000 0.306
chr1 328001 329000 0.315
chr1 329001 330000 0.302
chr1 330001 331000 0.355
chr1 331001 332000 0.298
chr1 332001 333000 0.284
chr1 333001 334000 0.268
chr1 334001 335000 0.291
chr1 335001 336000 0.301
chr1 336001 337000 0.335
chr1 337001 338000 0.324
chr1 338001 339000 0.257
chr1 339001 340000 0.298
chr1 340001 341000 0.327
chr1 341001 342000 0.319
chr1 342001 343000 0.303
chr1 343001 344000 0.311
chr1 344001 345000 0.357
chr1 345001 346000 0.333
chr1 346001 347000 0.328
chr1 347001 348000 0.376
chr1 348001 349000 0.38
chr1 349001 350000 0.374
chr1 350001 351000 0.381
chr1 351001 352000 0.385
chr1 352001 353000 0.339
chr1 353001 354000 0.376
chr1 354001 355000 0.37
chr1 355001 356000 0.355
chr1 356001 357000 0.338
chr1 357001 358000 0.345
chr1 358001 359000 0.307
chr1 359001 360000 0.308
chr1 360001 361000 0.309
chr1 361001 362000 0.304
chr1 362001 363000 0.304
chr1 363001 364000 0.323
chr1 364001 365000 0.339
chr1 365001 366000 0.349
chr1 366001 367000 0.307
chr1 367001 368000 0.352
chr1 368001 369000 0.316
chr1 369001 370000 0.305
chr1 370001 371000 0.326
chr1 371001 372000 0.325
chr1 372001 373000 0.284
chr1 373001 374000 0.327
chr1 374001 375000 0.275
chr1 375001 376000 0.335
chr1 376001 377000 0.341
chr1 377001 378000 0.309
chr1 378001 379000 0.326
chr1 379001 380000 0.324
chr1 380001 381000 0.348
chr1 381001 382000 0.315
chr1 382001 383000 0.307
chr1 383001 384000 0.274
chr1 384001 385000 0.328
chr1 385001 386000 0.286
chr1 386001 387000 0.305
chr1 387001 388000 0.376
chr1 388001 389000 0.35
chr1 389001 390000 0.321
chr1 390001 391000 0.345
chr1 391001 392000 0.347
chr1 392001 393000 0.312
chr1 393001 394000 0.368
chr1 394001 395000 0.318
chr1 395001 396000 0.312
chr1 396001 397000 0.309
chr1 397001 398000 0.342
chr1 398001 399000 0.319
chr1 399001 400000 0.317
chr1 400001 401000 0.351
chr1 401001 402000 0.313
chr1 402001 403000 0.356
chr1 403001 404000 0.336
chr1 404001 405000 0.339
chr1 405001 406000 0.356
chr1 406001 407000 0.375
chr1 407001 408000 0.348
chr1 408001 409000 0.331
chr1 409001 410000 0.335
chr1 410001 411000 0.348
chr1 411001 412000 0.36
chr1 412001 413000 0.346
chr1 413001 414000 0.358
chr1 414001 415000 0.319
chr1 415001 416000 0.346
chr1 416001 417000 0.355
chr1 417001 418000 0.311
chr1 418001 419000 0.341
chr1 419001 420000 0.334
chr1 420001 421000 0.299
chr1 421001 422000 0.351
chr1 422001 423000 0.36
chr1 423001 424000 0.355
chr1 424001 425000 0.352
chr1 425001 426000 0.34
chr1 426001 427000 0.348
chr1 427001 428000 0.352
chr1 428001 429000 0.346
chr1 429001 430000 0.341
chr1 430001 431000 0.34
chr1 431001 432000 0.375
chr1 432001 433000 0.358
chr1 433001 434000 0.352
chr1 434001 435000 0.314
chr1 435001 436000 0.306
chr1 436001 437000 0.278
chr1 437001 438000 0.344
chr1 438001 439000 0.321
chr1 439001 440000 0.293
chr1 440001 441000 0.279
chr1 441001 442000 0.328
chr1 442001 443000 0.317
chr1 443001 444000 0.282
chr1 444001 445000 0.289
chr1 445001 446000 0.279
chr1 446001 447000 0.266
chr1 447001 448000 0.297
chr1 448001 449000 0.284
chr1 449001 450000 0.329
chr1 450001 451000 0.33
chr1 451001 452000 0.281
chr1 452001 453000 0.354
chr1 453001 454000 0.409
chr1 454001 455000 0.358
chr1 455001 456000 0.346
chr1 456001 457000 0.307
chr1 457001 458000 0.371
chr1 458001 459000 0.39
chr1 459001 460000 0.337
chr1 460001 461000 0.359
chr1 461001 462000 0.338
chr1 462001 463000 0.311
chr1 463001 464000 0.332
chr1 464001 465000 0.33
chr1 465001 466000 0.306
chr1 466001 467000 0.348
chr1 467001 468000 0.306
chr1 468001 469000 0.285
chr1 469001 470000 0.279
chr1 470001 471000 0.314
chr1 471001 472000 0.35
chr1 472001 473000 0.359
chr1 473001 474000 0.349
chr1 474001 475000 0.369
chr1 475001 476000 0.351
chr1 476001 477000 0.337
chr1 477001 478000 0.363
chr1 478001 479000 0.311
chr1 479001 480000 0.346
chr1 480001 481000 0.32
chr1 481001 482000 0.257
chr1 482001 483000 0.318
chr1 483001 484000 0.328
chr1 484001 485000 0.376
chr1 485001 486000 0.338
chr1 486001 487000 0.379
chr1 487001 488000 0.268
chr1 488001 489000 0.335
chr1 489001 490000 0.375
chr1 490001 491000 0.342
chr1 491001 492000 0.362
chr1 492001 493000 0.355
chr1 493001 494000 0.349
chr1 494001 495000 0.339
chr1 495001 496000 0.351
chr1 496001 497000 0.309
chr1 497001 498000 0.33
chr1 498001 499000 0.317
chr1 499001 500000 0.398
chr1 500001 501000 0.333
chr1 501001 502000 0.36
chr1 502001 503000 0.327
chr1 503001 504000 0.368
chr1 504001 505000 0.341
chr1 505001 506000 0.362
chr1 506001 507000 0.334
chr1 507001 508000 0.313
chr1 508001 509000 0.333
chr1 509001 510000 0.336
chr1 510001 511000 0.302
chr1 511001 512000 0.362
chr1 512001 513000 0.362
chr1 513001 514000 0.309
chr1 514001 515000 0.353
chr1 515001 516000 0.384
chr1 516001 517000 0.39
chr1 517001 518000 0.358
chr1 518001 519000 0.364
chr1 519001 520000 0.356
chr1 520001 521000 0.337
chr1 521001 522000 0.327
chr1 522001 523000 0.352
chr1 523001 524000 0.353
chr1 524001 525000 0.354
chr1 525001 526000 0.327
chr1 526001 527000 0.317
chr1 527001 528000 0.323
chr1 528001 529000 0.285
chr1 529001 530000 0.313
chr1 530001 531000 0.302
chr1 531001 532000 0.355
chr1 532001 533000 0.304
chr1 533001 534000 0.324
chr1 534001 535000 0.356
chr1 535001 536000 0.32
chr1 536001 537000 0.34
chr1 537001 538000 0.354
chr1 538001 539000 0.362
chr1 539001 540000 0.333
chr1 540001 541000 0.348
chr1 541001 542000 0.35
chr1 542001 543000 0.348
chr1 543001 544000 0.323
chr1 544001 545000 0.321
chr1 545001 546000 0.352
chr1 546001 547000 0.321
chr1 547001 548000 0.32
chr1 548001 549000 0.315
chr1 549001 550000 0.342
chr1 550001 551000 0.369
chr1 551001 552000 0.338
chr1 552001 553000 0.368
chr1 553001 554000 0.359
chr1 554001 555000 0.365
chr1 555001 556000 0.346
chr1 556001 557000 0.289
chr1 557001 558000 0.386
chr1 558001 559000 0.357
chr1 559001 560000 0.373
chr1 560001 561000 0.306
chr1 561001 562000 0.325
chr1 562001 563000 0.359
chr1 563001 564000 0.305
chr1 564001 565000 0.38
chr1 565001 566000 0.34
chr1 566001 567000 0.292
chr1 567001 568000 0.385
chr1 568001 569000 0.373
chr1 569001 570000 0.374
chr1 570001 571000 0.33
chr1 571001 572000 0.332
chr1 572001 573000 0.361
chr1 573001 574000 0.286
chr1 574001 575000 0.341
chr1 575001 576000 0.338
chr1 576001 577000 0.357
chr1 577001 578000 0.321
chr1 578001 579000 0.362
chr1 579001 580000 0.353
chr1 580001 581000 0.307
chr1 581001 582000 0.312
chr1 582001 583000 0.25
chr1 583001 584000 0.308
chr1 584001 585000 0.332
chr1 585001 586000 0.327
chr1 586001 587000 0.289
chr1 587001 588000 0.306
chr1 588001 589000 0.349
chr1 589001 590000 0.306
chr1 590001 591000 0.324
chr1 591001 592000 0.445
chr1 592001 593000 0.395
chr1 593001 594000 0.357
chr1 594001 595000 0.282
chr1 595001 596000 0.372
chr1 596001 597000 0.332
chr1 597001 598000 0.35
chr1 598001 599000 0.34
chr1 599001 600000 0.33
chr1 600001 601000 0.277
chr1 601001 602000 0.366
chr1 602001 603000 0.304
chr1 603001 604000 0.295
chr1 604001 605000 0.314
chr1 605001 606000 0.309
chr1 606001 607000 0.362
chr1 607001 608000 0.396
chr1 608001 609000 0.365
chr1 609001 610000 0.347
chr1 610001 611000 0.328
chr1 611001 612000 0.36
chr1 612001 613000 0.311
chr1 613001 614000 0.331
chr1 614001 615000 0.34
chr1 615001 616000 0.316
chr1 616001 617000 0.321
chr1 617001 618000 0.322
chr1 618001 619000 0.328
chr1 619001 620000 0.356
chr1 620001 621000 0.311
chr1 621001 622000 0.371
chr1 622001 623000 0.331
chr1 623001 624000 0.345
chr1 624001 625000 0.366
chr1 625001 626000 0.337
chr1 626001 627000 0.329
chr1 627001 628000 0.304
chr1 628001 629000 0.355
chr1 629001 630000 0.397
chr1 630001 631000 0.413
chr1 631001 632000 0.395
chr1 632001 633000 0.385
chr1 633001 634000 0.369
chr1 634001 635000 0.375
chr1 635001 636000 0.27
chr1 636001 637000 0.319
chr1 637001 638000 0.29
chr1 638001 639000 0.292
chr1 639001 640000 0.324
chr1 640001 641000 0.31
chr1 641001 642000 0.347
chr1 642001 643000 0.326
chr1 643001 644000 0.314
chr1 644001 645000 0.326
chr1 645001 646000 0.286
chr1 646001 647000 0.254
chr1 647001 648000 0.336
chr1 648001 649000 0.307
chr1 649001 650000 0.284
chr1 650001 651000 0.315
chr1 651001 652000 0.36
chr1 652001 653000 0.308
chr1 653001 654000 0.279
chr1 654001 655000 0.355
chr1 655001 656000 0.387
chr1 656001 657000 0.362
chr1 657001 658000 0.347
chr1 658001 659000 0.369
chr1 659001 660000 0.336
chr1 660001 661000 0.34
chr1 661001 662000 0.309
chr1 662001 663000 0.292
chr1 663001 664000 0.343
chr1 664001 665000 0.319
chr1 665001 666000 0.342
chr1 666001 667000 0.331
chr1 667001 668000 0.335
chr1 668001 669000 0.341
chr1 669001 670000 0.328
chr1 670001 671000 0.332
chr1 671001 672000 0.344
chr1 672001 673000 0.327
chr1 673001 674000 0.314
chr1 674001 675000 0.338
chr1 675001 676000 0.325
chr1 676001 677000 0.315
chr1 677001 678000 0.345
chr1 678001 679000 0.325
chr1 679001 680000 0.299
chr1 680001 681000 0.314
chr1 681001 682000 0.301
chr1 682001 683000 0.328
chr1 683001 684000 0.347
chr1 684001 685000 0.35
chr1 685001 686000 0.329
chr1 686001 687000 0.353
chr1 687001 688000 0.338
chr1 688001 689000 0.345
chr1 689001 690000 0.292
chr1 690001 691000 0.335
chr1 691001 692000 0.296
chr1 692001 693000 0.318
chr1 693001 694000 0.317
chr1 694001 695000 0.361
chr1 695001 696000 0.37
chr1 696001 697000 0.381
chr1 697001 698000 0.366
chr1 698001 699000 0.373
chr1 699001 700000 0.364
chr1 700001 701000 0.303
chr1 701001 702000 0.378
chr1 702001 703000 0.327
chr1 703001 704000 0.337
chr1 704001 705000 0.339
chr1 705001 706000 0.341
chr1 706001 707000 0.332
chr1 707001 708000 0.324
chr1 708001 709000 0.345
chr1 709001 710000 0.359
chr1 710001 711000 0.365
chr1 711001 712000 0.368
chr1 712001 713000 0.367
chr1 713001 714000 0.328
chr1 714001 715000 0.317
chr1 715001 716000 0.352
chr1 716001 717000 0.357
chr1 717001 718000 0.347
chr1 718001 719000 0.34
chr1 719001 720000 0.334
chr1 720001 721000 0.377
chr1 721001 722000 0.372
chr1 722001 723000 0.375
chr1 723001 724000 0.34
chr1 724001 725000 0.305
chr1 725001 726000 0.33
chr1 726001 727000 0.322
chr1 727001 728000 0.319
chr1 728001 729000 0.31
chr1 729001 730000 0.31
chr1 730001 731000 0.279
chr1 731001 732000 0.311
chr1 732001 733000 0.288
chr1 733001 734000 0.354
chr1 734001 735000 0.321
chr1 735001 736000 0.347
chr1 736001 737000 0.351
chr1 737001 738000 0.349
chr1 738001 739000 0.329
chr1 739001 740000 0.359
chr1 740001 741000 0.275
chr1 741001 742000 0.299
chr1 742001 743000 0.287
chr1 743001 744000 0.287
chr1 744001 745000 0.336
chr1 745001 746000 0.269
chr1 746001 747000 0.304
chr1 747001 748000 0.307
chr1 748001 749000 0.311
chr1 749001 750000 0.3
chr1 750001 751000 0.294
chr1 751001 752000 0.319
chr1 752001 753000 0.253
chr1 753001 754000 0.222
chr1 754001 755000 0.28
chr1 755001 756000 0.332
chr1 756001 757000 0.289
chr1 757001 758000 0.302
chr1 758001 759000 0.343
chr1 759001 760000 0.283
chr1 760001 761000 0.378
chr1 761001 762000 0.269
chr1 762001 763000 0.304
chr1 763001 764000 0.306
chr1 764001 765000 0.319
chr1 765001 766000 0.28
chr1 766001 767000 0.281
chr1 767001 768000 0.275
chr1 768001 769000 0.322
chr1 769001 770000 0.284
chr1 770001 771000 0.266
chr1 771001 772000 0.27
chr1 772001 773000 0.295
chr1 773001 774000 0.284
chr1 774001 775000 0.292
chr1 775001 776000 0.313
chr1 776001 777000 0.35
chr1 777001 778000 0.298
chr1 778001 779000 0.312
chr1 779001 780000 0.317
chr1 780001 781000 0.286
chr1 781001 782000 0.334
chr1 782001 783000 0.333
chr1 783001 784000 0.316
chr1 784001 785000 0.384
chr1 785001 786000 0.362
chr1 786001 787000 0.34
chr1 787001 788000 0.356
chr1 788001 789000 0.325
chr1 789001 790000 0.356
chr1 790001 791000 0.349
chr1 791001 792000 0.303
chr1 792001 793000 0.298
chr1 793001 794000 0.281
chr1 794001 795000 0.33
chr1 795001 796000 0.332
chr1 796001 797000 0.377
chr1 797001 798000 0.282
chr1 798001 799000 0.284
chr1 799001 800000 0.369
chr1 800001 801000 0.368
chr1 801001 802000 0.315
chr1 802001 803000 0.366
chr1 803001 804000 0.382
chr1 804001 805000 0.355
chr1 805001 806000 0.372
chr1 806001 807000 0.376
chr1 807001 808000 0.37
chr1 808001 809000 0.368
chr1 809001 810000 0.364
chr1 810001 811000 0.38
chr1 811001 812000 0.358
chr1 812001 813000 0.372
chr1 813001 814000 0.301
chr1 814001 815000 0.302
chr1 815001 816000 0.377
chr1 816001 817000 0.315
chr1 817001 818000 0.335
chr1 818001 819000 0.335
chr1 819001 820000 0.312
chr1 820001 821000 0.317
chr1 821001 822000 0.309
chr1 822001 823000 0.316
chr1 823001 824000 0.327
chr1 824001 825000 0.337
chr1 825001 826000 0.352
chr1 826001 827000 0.321
chr1 827001 828000 0.371
chr1 828001 829000 0.372
chr1 829001 830000 0.357
chr1 830001 831000 0.345
chr1 831001 832000 0.327
chr1 832001 833000 0.303
chr1 833001 834000 0.367
chr1 834001 835000 0.363
chr1 835001 836000 0.385
chr1 836001 837000 0.275
chr1 837001 838000 0.355
chr1 838001 839000 0.37
chr1 839001 840000 0.289
chr1 840001 841000 0.338
chr1 841001 842000 0.316
chr1 842001 843000 0.344
chr1 843001 844000 0.361
chr1 844001 845000 0.347
chr1 845001 846000 0.34
chr1 846001 847000 0.346
chr1 847001 848000 0.274
chr1 848001 849000 0.292
chr1 849001 850000 0.304
chr1 850001 851000 0.279
chr1 851001 852000 0.31
chr1 852001 853000 0.35
chr1 853001 854000 0.325
chr1 854001 855000 0.356
chr1 855001 856000 0.332
chr1 856001 857000 0.347
chr1 857001 858000 0.306
chr1 858001 859000 0.366
chr1 859001 860000 0.301
chr1 860001 861000 0.326
chr1 861001 862000 0.311
chr1 862001 863000 0.352
chr1 863001 864000 0.366
chr1 864001 865000 0.367
chr1 865001 866000 0.325
chr1 866001 867000 0.314
chr1 867001 868000 0.284
chr1 868001 869000 0.324
chr1 869001 870000 0.375
chr1 870001 871000 0.357
chr1 871001 872000 0.346
chr1 872001 873000 0.381
chr1 873001 874000 0.348
chr1 874001 875000 0.339
chr1 875001 876000 0.341
chr1 876001 877000 0.325
chr1 877001 878000 0.371
chr1 878001 879000 0.383
chr1 879001 880000 0.352
chr1 880001 881000 0.374
chr1 881001 882000 0.336
chr1 882001 883000 0.333
chr1 883001 884000 0.325
chr1 884001 885000 0.334
chr1 885001 886000 0.381
chr1 886001 887000 0.37
chr1 887001 888000 0.395
chr1 888001 889000 0.296
chr1 889001 890000 0.384
chr1 890001 891000 0.367
chr1 891001 892000 0.377
chr1 892001 893000 0.335
chr1 893001 894000 0.312
chr1 894001 895000 0.341
chr1 895001 896000 0.306
chr1 896001 897000 0.307
chr1 897001 898000 0.35
chr1 898001 899000 0.357
chr1 899001 900000 0.312
chr1 900001 901000 0.34
chr1 901001 902000 0.365
chr1 902001 903000 0.331
chr1 903001 904000 0.352
chr1 904001 905000 0.382
chr1 905001 906000 0.341
chr1 906001 907000 0.295
chr1 907001 908000 0.31
chr1 908001 909000 0.328
chr1 909001 910000 0.354
chr1 910001 911000 0.346
chr1 911001 912000 0.361
chr1 912001 913000 0.333
chr1 913001 914000 0.372
chr1 914001 915000 0.405
chr1 915001 916000 0.362
chr1 916001 917000 0.344
chr1 917001 918000 0.291
chr1 918001 919000 0.371
chr1 919001 920000 0.338
chr1 920001 921000 0.342
chr1 921001 922000 0.327
chr1 922001 923000 0.295
chr1 923001 924000 0.349
chr1 924001 925000 0.365
chr1 925001 926000 0.363
chr1 926001 927000 0.325
chr1 927001 928000 0.31
chr1 928001 929000 0.304
chr1 929001 930000 0.295
chr1 930001 931000 0.4
chr1 931001 932000 0.354
chr1 932001 933000 0.406
chr1 933001 934000 0.394
chr1 934001 935000 0.366
chr1 935001 936000 0.375
chr1 936001 937000 0.373
chr1 937001 938000 0.356
chr1 938001 939000 0.365
chr1 939001 940000 0.34
chr1 940001 941000 0.37
chr1 941001 942000 0.344
chr1 942001 943000 0.328
chr1 943001 944000 0.328
chr1 944001 945000 0.343
chr1 945001 946000 0.312
chr1 946001 947000 0.297
chr1 947001 948000 0.336
chr1 948001 949000 0.323
chr1 949001 950000 0.337
chr1 950001 951000 0.359
chr1 951001 952000 0.394
chr1 952001 953000 0.352
chr1 953001 954000 0.342
chr1 954001 955000 0.329
chr1 955001 956000 0.326
chr1 956001 957000 0.344
chr1 957001 958000 0.377
chr1 958001 959000 0.363
chr1 959001 960000 0.378
chr1 960001 961000 0.332
chr1 961001 962000 0.335
chr1 962001 963000 0.336
chr1 963001 964000 0.343
chr1 964001 965000 0.303
chr1 965001 966000 0.346
chr1 966001 967000 0.287
chr1 967001 968000 0.337
chr1 968001 969000 0.321
chr1 969001 970000 0.319
chr1 970001 971000 0.332
chr1 971001 972000 0.304
chr1 972001 973000 0.328
chr1 973001 974000 0.344
chr1 974001 975000 0.333
chr1 975001 976000 0.344
chr1 976001 977000 0.353
chr1 977001 978000 0.346
chr1 978001 979000 0.362
chr1 979001 980000 0.375
chr1 980001 981000 0.322
chr1 981001 982000 0.374
chr1 982001 983000 0.344
chr1 983001 984000 0.377
chr1 984001 985000 0.313
chr1 985001 986000 0.369
chr1 986001 987000 0.359
chr1 987001 988000 0.321
chr1 988001 989000 0.393
chr1 989001 990000 0.318
chr1 990001 991000 0.321
chr1 991001 992000 0.314
chr1 992001 993000 0.292
chr1 993001 994000 0.264
chr1 994001 995000 0.277
chr1 995001 996000 0.351
chr1 996001 997000 0.313
chr1 997001 998000 0.301
chr1 998001 999000 0.317
chr1 999001 1000000 0.32
chr1 1000001 1001000 0.303
chr1 1001001 1002000 0.305
chr1 1002001 1003000 0.34
chr1 1003001 1004000 0.353
chr1 1004001 1005000 0.35
chr1 1005001 1006000 0.332
chr1 1006001 1007000 0.331
chr1 1007001 1008000 0.329
chr1 1008001 1009000 0.366
chr1 1009001 1010000 0.324
chr1 1010001 1011000 0.274
chr1 1011001 1012000 0.271
chr1 1012001 1013000 0.281
chr1 1013001 1014000 0.266
chr1 1014001 1015000 0.284
chr1 1015001 1016000 0.302
chr1 1016001 1017000 0.309
chr1 1017001 1018000 0.306
chr1 1018001 1019000 0.259
chr1 1019001 1020000 0.272
chr1 1020001 1021000 0.337
chr1 1021001 1022000 0.326
chr1 1022001 1023000 0.326
chr1 1023001 1024000 0.309
chr1 1024001 1025000 0.313
chr1 1025001 1026000 0.354
chr1 1026001 1027000 0.36
chr1 1027001 1028000 0.333
chr1 1028001 1029000 0.35
chr1 1029001 1030000 0.334
chr1 1030001 1031000 0.345
chr1 1031001 1032000 0.362
chr1 1032001 1033000 0.364
chr1 1033001 1034000 0.336
chr1 1034001 1035000 0.359
chr1 1035001 1036000 0.342
chr1 1036001 1037000 0.359
chr1 1037001 1038000 0.314
chr1 1038001 1039000 0.362
chr1 1039001 1040000 0.359
chr1 1040001 1041000 0.355
chr1 1041001 1042000 0.37
chr1 1042001 1043000 0.36
chr1 1043001 1044000 0.369
chr1 1044001 1045000 0.376
chr1 1045001 1046000 0.374
chr1 1046001 1047000 0.337
chr1 1047001 1048000 0.378
chr1 1048001 1049000 0.363
chr1 1049001 1050000 0.345
chr1 1050001 1051000 0.327
chr1 1051001 1052000 0.306
chr1 1052001 1053000 0.325
chr1 1053001 1054000 0.31
chr1 1054001 1055000 0.373
chr1 1055001 1056000 0.321
chr1 1056001 1057000 0.34
chr1 1057001 1058000 0.373
chr1 1058001 1059000 0.354
chr1 1059001 1060000 0.326
chr1 1060001 1061000 0.294
chr1 1061001 1062000 0.391
chr1 1062001 1063000 0.341
chr1 1063001 1064000 0.346
chr1 1064001 1065000 0.34
chr1 1065001 1066000 0.325
chr1 1066001 1067000 0.315
chr1 1067001 1068000 0.318
chr1 1068001 1069000 0.304
chr1 1069001 1070000 0.323
chr1 1070001 1071000 0.361
chr1 1071001 1072000 0.374
chr1 1072001 1073000 0.342
chr1 1073001 1074000 0.346
chr1 1074001 1075000 0.337
chr1 1075001 1076000 0.366
chr1 1076001 1077000 0.377
chr1 1077001 1078000 0.376
chr1 1078001 1079000 0.347
chr1 1079001 1080000 0.318
chr1 1080001 1081000 0.297
chr1 1081001 1082000 0.342
chr1 1082001 1083000 0.326
chr1 1083001 1084000 0.376
chr1 1084001 1085000 0.305
chr1 1085001 1086000 0.316
chr1 1086001 1087000 0.283
chr1 1087001 1088000 0.291
chr1 1088001 1089000 0.28
chr1 1089001 1090000 0.293
chr1 1090001 1091000 0.328
chr1 1091001 1092000 0.333
chr1 1092001 1093000 0.347
chr1 1093001 1094000 0.377
chr1 1094001 1095000 0.318
chr1 1095001 1096000 0.387
chr1 1096001 1097000 0.408
chr1 1097001 1098000 0.312
chr1 1098001 1099000 0.346
chr1 1099001 1100000 0.316
chr1 1100001 1101000 0.309
chr1 1101001 1102000 0.355
chr1 1102001 1103000 0.344
chr1 1103001 1104000 0.363
chr1 1104001 1105000 0.374
chr1 1105001 1106000 0.388
chr1 1106001 1107000 0.32
chr1 1107001 1108000 0.316
chr1 1108001 1109000 0.287
chr1 1109001 1110000 0.26
chr1 1110001 1111000 0.278
chr1 1111001 1112000 0.303
chr1 1112001 1113000 0.269
chr1 1113001 1114000 0.259
chr1 1114001 1115000 0.306
chr1 1115001 1116000 0.329
chr1 1116001 1117000 0.341
chr1 1117001 1118000 0.288
chr1 1118001 1119000 0.318
chr1 1119001 1120000 0.341
chr1 1120001 1121000 0.331
chr1 1121001 1122000 0.318
chr1 1122001 1123000 0.328
chr1 1123001 1124000 0.303
chr1 1124001 1125000 0.306
chr1 1125001 1126000 0.307
chr1 1126001 1127000 0.387
chr1 1127001 1128000 0.366
chr1 1128001 1129000 0.285
chr1 1129001 1130000 0.278
chr1 1130001 1131000 0.307
chr1 1131001 1132000 0.321
chr1 1132001 1133000 0.258
chr1 1133001 1134000 0.292
chr1 1134001 1135000 0.299
chr1 1135001 1136000 0.312
chr1 1136001 1137000 0.298
chr1 1137001 1138000 0.291
chr1 1138001 1139000 0.303
chr1 1139001 1140000 0.316
chr1 1140001 1141000 0.328
chr1 1141001 1142000 0.353
chr1 1142001 1143000 0.319
chr1 1143001 1144000 0.364
chr1 1144001 1145000 0.361
chr1 1145001 1146000 0.376
chr1 1146001 1147000 0.397
chr1 1147001 1148000 0.368
chr1 1148001 1149000 0.315
chr1 1149001 1150000 0.345
chr1 1150001 1151000 0.362
chr1 1151001 1152000 0.323
chr1 1152001 1153000 0.396
chr1 1153001 1154000 0.364
chr1 1154001 1155000 0.343
chr1 1155001 1156000 0.357
chr1 1156001 1157000 0.337
chr1 1157001 1158000 0.32
chr1 1158001 1159000 0.339
chr1 1159001 1160000 0.353
chr1 1160001 1161000 0.337
chr1 1161001 1162000 0.312
chr1 1162001 1163000 0.312
chr1 1163001 1164000 0.386
chr1 1164001 1165000 0.368
chr1 1165001 1166000 0.39
chr1 1166001 1167000 0.37
chr1 1167001 1168000 0.387
chr1 1168001 1169000 0.377
chr1 1169001 1170000 0.353
chr1 1170001 1171000 0.369
chr1 1171001 1172000 0.337
chr1 1172001 1173000 0.38
chr1 1173001 1174000 0.363
chr1 1174001 1175000 0.325
chr1 1175001 1176000 0.349
chr1 1176001 1177000 0.37
chr1 1177001 1178000 0.349
chr1 1178001 1179000 0.386
chr1 1179001 1180000 0.513
chr1 1180001 1181000 0.4
chr1 1181001 1182000 0.488
chr1 1182001 1183000 0.536
chr1 1183001 1184000 0.401
chr1 1184001 1185000 0.325
chr1 1185001 1186000 0.324
chr1 1186001 1187000 0.33
chr1 1187001 1188000 0.299
chr1 1188001 1189000 0.322
chr1 1189001 1190000 0.333
chr1 1190001 1191000 0.328
chr1 1191001 1192000 0.339
chr1 1192001 1193000 0.347
chr1 1193001 1194000 0.347
chr1 1194001 1195000 0.339
chr1 1195001 1196000 0.314
chr1 1196001 1197000 0.328
chr1 1197001 1198000 0.33
chr1 1198001 1199000 0.313
chr1 1199001 1200000 0.398
chr1 1200001 1201000 0.345
chr1 1201001 1202000 0.36
chr1 1202001 1203000 0.314
chr1 1203001 1204000 0.339
chr1 1204001 1205000 0.33
chr1 1205001 1206000 0.37
chr1 1206001 1207000 0.326
chr1 1207001 1208000 0.337
chr1 1208001 1209000 0.342
chr1 1209001 1210000 0.341
chr1 1210001 1211000 0.326
chr1 1211001 1212000 0.301
chr1 1212001 1213000 0.292
chr1 1213001 1214000 0.382
chr1 1214001 1215000 0.33
chr1 1215001 1216000 0.349
chr1 1216001 1217000 0.361
chr1 1217001 1218000 0.358
chr1 1218001 1219000 0.336
chr1 1219001 1220000 0.308
chr1 1220001 1221000 0.346
chr1 1221001 1222000 0.371
chr1 1222001 1223000 0.479
chr1 1223001 1224000 0.512
chr1 1224001 1225000 0.42
chr1 1225001 1226000 0.492
chr1 1226001 1227000 0.53
chr1 1227001 1228000 0.419
chr1 1228001 1229000 0.519
chr1 1229001 1230000 0.41
chr1 1230001 1231000 0.48
chr1 1231001 1232000 0.519
chr1 1232001 1233000 0.475
chr1 1233001 1234000 0.295
chr1 1234001 1235000 0.302
chr1 1235001 1236000 0.366
chr1 1236001 1237000 0.331
chr1 1237001 1238000 0.314
chr1 1238001 1239000 0.324
chr1 1239001 1240000 0.325
chr1 1240001 1241000 0.36
chr1 1241001 1242000 0.35
chr1 1242001 1243000 0.286
chr1 1243001 1244000 0.367
chr1 1244001 1245000 0.315
chr1 1245001 1246000 0.286
chr1 1246001 1247000 0.346
chr1 1247001 1248000 0.334
chr1 1248001 1249000 0.353
chr1 1249001 1250000 0.315
chr1 1250001 1251000 0.343
chr1 1251001 1252000 0.3
chr1 1252001 1253000 0.326
chr1 1253001 1254000 0.351
chr1 1254001 1255000 0.34
chr1 1255001 1256000 0.343
chr1 1256001 1257000 0.322
chr1 1257001 1258000 0.354
chr1 1258001 1259000 0.394
chr1 1259001 1260000 0.392
chr1 1260001 1261000 0.357
chr1 1261001 1262000 0.376
chr1 1262001 1263000 0.342
chr1 1263001 1264000 0.367
chr1 1264001 1265000 0.343
chr1 1265001 1266000 0.372
chr1 1266001 1267000 0.381
chr1 1267001 1268000 0.362
chr1 1268001 1269000 0.405
chr1 1269001 1270000 0.317
chr1 1270001 1271000 0.336
chr1 1271001 1272000 0.351
chr1 1272001 1273000 0.331
chr1 1273001 1274000 0.306
chr1 1274001 1275000 0.329
chr1 1275001 1276000 0.36
chr1 1276001 1277000 0.311
chr1 1277001 1278000 0.311
chr1 1278001 1279000 0.327
chr1 1279001 1280000 0.289
chr1 1280001 1281000 0.339
chr1 1281001 1282000 0.316
chr1 1282001 1283000 0.287
chr1 1283001 1284000 0.306
chr1 1284001 1285000 0.412
chr1 1285001 1286000 0.31
chr1 1286001 1287000 0.301
chr1 1287001 1288000 0.325
chr1 1288001 1289000 0.317
chr1 1289001 1290000 0.37
chr1 1290001 1291000 0.325
chr1 1291001 1292000 0.302
chr1 1292001 1293000 0.343
chr1 1293001 1294000 0.357
chr1 1294001 1295000 0.313
chr1 1295001 1296000 0.3
chr1 1296001 1297000 0.286
chr1 1297001 1298000 0.351
chr1 1298001 1299000 0.366
chr1 1299001 1300000 0.309
chr1 1300001 1301000 0.356
chr1 1301001 1302000 0.333
chr1 1302001 1303000 0.298
chr1 1303001 1304000 0.319
chr1 1304001 1305000 0.318
chr1 1305001 1306000 0.319
chr1 1306001 1307000 0.394
chr1 1307001 1308000 0.301
chr1 1308001 1309000 0.335
chr1 1309001 1310000 0.346
chr1 1310001 1311000 0.341
chr1 1311001 1312000 0.348
chr1 1312001 1313000 0.337
chr1 1313001 1314000 0.365
chr1 1314001 1315000 0.287
chr1 1315001 1316000 0.334
chr1 1316001 1317000 0.364
chr1 1317001 1318000 0.277
chr1 1318001 1319000 0.372
chr1 1319001 1320000 0.375
chr1 1320001 1321000 0.325
chr1 1321001 1322000 0.333
chr1 1322001 1323000 0.359
chr1 1323001 1324000 0.287
chr1 1324001 1325000 0.342
chr1 1325001 1326000 0.302
chr1 1326001 1327000 0.263
chr1 1327001 1328000 0.242
chr1 1328001 1329000 0.289
chr1 1329001 1330000 0.341
chr1 1330001 1331000 0.312
chr1 1331001 1332000 0.336
chr1 1332001 1333000 0.31
chr1 1333001 1334000 0.332
chr1 1334001 1335000 0.31
chr1 1335001 1336000 0.323
chr1 1336001 1337000 0.374
chr1 1337001 1338000 0.315
chr1 1338001 1339000 0.315
chr1 1339001 1340000 0.314
chr1 1340001 1341000 0.31
chr1 1341001 1342000 0.313
chr1 1342001 1343000 0.275
chr1 1343001 1344000 0.287
chr1 1344001 1345000 0.263
chr1 1345001 1346000 0.262
chr1 1346001 1347000 0.287
chr1 1347001 1348000 0.297
chr1 1348001 1349000 0.337
chr1 1349001 1350000 0.332
chr1 1350001 1351000 0.336
chr1 1351001 1352000 0.335
chr1 1352001 1353000 0.286
chr1 1353001 1354000 0.314
chr1 1354001 1355000 0.332
chr1 1355001 1356000 0.3
chr1 1356001 1357000 0.318
chr1 1357001 1358000 0.323
chr1 1358001 1359000 0.317
chr1 1359001 1360000 0.327
chr1 1360001 1361000 0.296
chr1 1361001 1362000 0.323
chr1 1362001 1363000 0.333
chr1 1363001 1364000 0.28
chr1 1364001 1365000 0.325
chr1 1365001 1366000 0.317
chr1 1366001 1367000 0.319
chr1 1367001 1368000 0.325
chr1 1368001 1369000 0.321
chr1 1369001 1370000 0.315
chr1 1370001 1371000 0.312
chr1 1371001 1372000 0.35
chr1 1372001 1373000 0.292
chr1 1373001 1374000 0.324
chr1 1374001 1375000 0.344
chr1 1375001 1376000 0.368
chr1 1376001 1377000 0.333
chr1 1377001 1378000 0.361
chr1 1378001 1379000 0.337
chr1 1379001 1380000 0.298
chr1 1380001 1381000 0.332
chr1 1381001 1382000 0.307
chr1 1382001 1383000 0.274
chr1 1383001 1384000 0.307
chr1 1384001 1385000 0.31
chr1 1385001 1386000 0.309
chr1 1386001 1387000 0.309
chr1 1387001 1388000 0.307
chr1 1388001 1389000 0.302
chr1 1389001 1390000 0.271
chr1 1390001 1391000 0.32
chr1 1391001 1392000 0.304
chr1 1392001 1393000 0.349
chr1 1393001 1394000 0.266
chr1 1394001 1395000 0.238
chr1 1395001 1396000 0.269
chr1 1396001 1397000 0.264
chr1 1397001 1398000 0.314
chr1 1398001 1399000 0.292
chr1 1399001 1400000 0.301
chr1 1400001 1401000 0.339
chr1 1401001 1402000 0.33
chr1 1402001 1403000 0.294
chr1 1403001 1404000 0.283
chr1 1404001 1405000 0.299
chr1 1405001 1406000 0.338
chr1 1406001 1407000 0.334
chr1 1407001 1408000 0.308
chr1 1408001 1409000 0.3
chr1 1409001 1410000 0.319
chr1 1410001 1411000 0.33
chr1 1411001 1412000 0.323
chr1 1412001 1413000 0.288
chr1 1413001 1414000 0.32
chr1 1414001 1415000 0.315
chr1 1415001 1416000 0.33
chr1 1416001 1417000 0.326
chr1 1417001 1418000 0.345
chr1 1418001 1419000 0.317
chr1 1419001 1420000 0.285
chr1 1420001 1421000 0.321
chr1 1421001 1422000 0.294
chr1 1422001 1423000 0.315
chr1 1423001 1424000 0.323
chr1 1424001 1425000 0.376
chr1 1425001 1426000 0.376
chr1 1426001 1427000 0.341
chr1 1427001 1428000 0.368
chr1 1428001 1429000 0.315
chr1 1429001 1430000 0.3
chr1 1430001 1431000 0.307
chr1 1431001 1432000 0.306
chr1 1432001 1433000 0.301
chr1 1433001 1434000 0.325
chr1 1434001 1435000 0.3
chr1 1435001 1436000 0.268
chr1 1436001 1437000 0.351
chr1 1437001 1438000 0.319
chr1 1438001 1439000 0.334
chr1 1439001 1440000 0.319
chr1 1440001 1441000 0.295
chr1 1441001 1442000 0.329
chr1 1442001 1443000 0.28
chr1 1443001 1444000 0.321
chr1 1444001 1445000 0.294
chr1 1445001 1446000 0.337
chr1 1446001 1447000 0.322
chr1 1447001 1448000 0.328
chr1 1448001 1449000 0.288
chr1 1449001 1450000 0.337
chr1 1450001 1451000 0.326
chr1 1451001 1452000 0.304
chr1 1452001 1453000 0.344
chr1 1453001 1454000 0.329
chr1 1454001 1455000 0.316
chr1 1455001 1456000 0.303
chr1 1456001 1457000 0.328
chr1 1457001 1458000 0.325
chr1 1458001 1459000 0.292
chr1 1459001 1460000 0.305
chr1 1460001 1461000 0.328
chr1 1461001 1462000 0.322
chr1 1462001 1463000 0.323
chr1 1463001 1464000 0.292
chr1 1464001 1465000 0.288
chr1 1465001 1466000 0.306
chr1 1466001 1467000 0.316
chr1 1467001 1468000 0.336
chr1 1468001 1469000 0.326
chr1 1469001 1470000 0.257
chr1 1470001 1471000 0.296
chr1 1471001 1472000 0.333
chr1 1472001 1473000 0.321
chr1 1473001 1474000 0.349
chr1 1474001 1475000 0.363
chr1 1475001 1476000 0.3
chr1 1476001 1477000 0.286
chr1 1477001 1478000 0.306
chr1 1478001 1479000 0.33
chr1 1479001 1480000 0.308
chr1 1480001 1481000 0.319
chr1 1481001 1482000 0.305
chr1 1482001 1483000 0.291
chr1 1483001 1484000 0.353
chr1 1484001 1485000 0.366
chr1 1485001 1486000 0.307
chr1 1486001 1487000 0.329
chr1 1487001 1488000 0.345
chr1 1488001 1489000 0.279
chr1 1489001 1490000 0.345
chr1 1490001 1491000 0.349
chr1 1491001 1492000 0.344
chr1 1492001 1493000 0.363
chr1 1493001 1494000 0.362
chr1 1494001 1495000 0.323
chr1 1495001 1496000 0.332
chr1 1496001 1497000 0.308
chr1 1497001 1498000 0.293
chr1 1498001 1499000 0.345
chr1 1499001 1500000 0.313
chr1 1500001 1501000 0.337
chr1 1501001 1502000 0.32
chr1 1502001 1503000 0.304
chr1 1503001 1504000 0.326
chr1 1504001 1505000 0.329
chr1 1505001 1506000 0.348
chr1 1506001 1507000 0.34
chr1 1507001 1508000 0.278
chr1 1508001 1509000 0.31
chr1 1509001 1510000 0.371
chr1 1510001 1511000 0.379
chr1 1511001 1512000 0.326
chr1 1512001 1513000 0.373
chr1 1513001 1514000 0.373
chr1 1514001 1515000 0.343
chr1 1515001 1516000 0.371
chr1 1516001 1517000 0.29
chr1 1517001 1518000 0.337
chr1 1518001 1519000 0.329
chr1 1519001 1520000 0.356
chr1 1520001 1521000 0.354
chr1 1521001 1522000 0.383
chr1 1522001 1523000 0.311
chr1 1523001 1524000 0.287
chr1 1524001 1525000 0.287
chr1 1525001 1526000 0.356
chr1 1526001 1527000 0.354
chr1 1527001 1528000 0.33
chr1 1528001 1529000 0.351
chr1 1529001 1530000 0.297
chr1 1530001 1531000 0.29
chr1 1531001 1532000 0.335
chr1 1532001 1533000 0.253
chr1 1533001 1534000 0.266
chr1 1534001 1535000 0.261
chr1 1535001 1536000 0.248
chr1 1536001 1537000 0.289
chr1 1537001 1538000 0.282
chr1 1538001 1539000 0.239
chr1 1539001 1540000 0.27
chr1 1540001 1541000 0.251
chr1 1541001 1542000 0.292
chr1 1542001 1543000 0.389
chr1 1543001 1544000 0.361
chr1 1544001 1545000 0.419
chr1 1545001 1546000 0.281
chr1 1546001 1547000 0.315
chr1 1547001 1548000 0.312
chr1 1548001 1549000 0.283
chr1 1549001 1550000 0.3
chr1 1550001 1551000 0.269
chr1 1551001 1552000 0.301
chr1 1552001 1553000 0.268
chr1 1553001 1554000 0.291
chr1 1554001 1555000 0.316
chr1 1555001 1556000 0.277
chr1 1556001 1557000 0.315
chr1 1557001 1558000 0.337
chr1 1558001 1559000 0.295
chr1 1559001 1560000 0.307
chr1 1560001 1561000 0.344
chr1 1561001 1562000 0.302
chr1 1562001 1563000 0.345
chr1 1563001 1564000 0.343
chr1 1564001 1565000 0.281
chr1 1565001 1566000 0.314
chr1 1566001 1567000 0.304
chr1 1567001 1568000 0.322
chr1 1568001 1569000 0.342
chr1 1569001 1570000 0.377
chr1 1570001 1571000 0.337
chr1 1571001 1572000 0.343
chr1 1572001 1573000 0.333
chr1 1573001 1574000 0.298
chr1 1574001 1575000 0.3
chr1 1575001 1576000 0.302
chr1 1576001 1577000 0.275
chr1 1577001 1578000 0.306
chr1 1578001 1579000 0.368
chr1 1579001 1580000 0.342
chr1 1580001 1581000 0.348
chr1 1581001 1582000 0.327
chr1 1582001 1583000 0.37
chr1 1583001 1584000 0.325
chr1 1584001 1585000 0.36
chr1 1585001 1586000 0.357
chr1 1586001 1587000 0.382
chr1 1587001 1588000 0.357
chr1 1588001 1589000 0.347
chr1 1589001 1590000 0.348
chr1 1590001 1591000 0.347
chr1 1591001 1592000 0.325
chr1 1592001 1593000 0.338
chr1 1593001 1594000 0.347
chr1 1594001 1595000 0.35
chr1 1595001 1596000 0.339
chr1 1596001 1597000 0.342
chr1 1597001 1598000 0.338
chr1 1598001 1599000 0.358
chr1 1599001 1600000 0.329
chr1 1600001 1601000 0.387
chr1 1601001 1602000 0.333
chr1 1602001 1603000 0.328
chr1 1603001 1604000 0.319
chr1 1604001 1605000 0.356
chr1 1605001 1606000 0.354
chr1 1606001 1607000 0.365
chr1 1607001 1608000 0.336
chr1 1608001 1609000 0.378
chr1 1609001 1610000 0.35
chr1 1610001 1611000 0.362
chr1 1611001 1612000 0.362
chr1 1612001 1613000 0.34
chr1 1613001 1614000 0.316
chr1 1614001 1615000 0.41
chr1 1615001 1616000 0.34
chr1 1616001 1617000 0.282
chr1 1617001 1618000 0.304
chr1 1618001 1619000 0.285
chr1 1619001 1620000 0.336
chr1 1620001 1621000 0.366
chr1 1621001 1622000 0.347
chr1 1622001 1623000 0.322
chr1 1623001 1624000 0.335
chr1 1624001 1625000 0.356
chr1 1625001 1626000 0.296
chr1 1626001 1627000 0.333
chr1 1627001 1628000 0.337
chr1 1628001 1629000 0.297
chr1 1629001 1630000 0.337
chr1 1630001 1631000 0.295
chr1 1631001 1632000 0.322
chr1 1632001 1633000 0.312
chr1 1633001 1634000 0.33
chr1 1634001 1635000 0.351
chr1 1635001 1636000 0.32
chr1 1636001 1637000 0.318
chr1 1637001 1638000 0.33
chr1 1638001 1639000 0.365
chr1 1639001 1640000 0.31
chr1 1640001 1641000 0.335
chr1 1641001 1642000 0.33
chr1 1642001 1643000 0.327
chr1 1643001 1644000 0.317
chr1 1644001 1645000 0.335
chr1 1645001 1646000 0.343
chr1 1646001 1647000 0.318
chr1 1647001 1648000 0.36
chr1 1648001 1649000 0.306
chr1 1649001 1650000 0.308
chr1 1650001 1651000 0.302
chr1 1651001 1652000 0.36
chr1 1652001 1653000 0.334
chr1 1653001 1654000 0.362
chr1 1654001 1655000 0.37
chr1 1655001 1656000 0.335
chr1 1656001 1657000 0.316
chr1 1657001 1658000 0.358
chr1 1658001 1659000 0.352
chr1 1659001 1660000 0.305
chr1 1660001 1661000 0.298
chr1 1661001 1662000 0.275
chr1 1662001 1663000 0.309
chr1 1663001 1664000 0.31
chr1 1664001 1665000 0.32
chr1 1665001 1666000 0.338
chr1 1666001 1667000 0.33
chr1 1667001 1668000 0.359
chr1 1668001 1669000 0.328
chr1 1669001 1670000 0.312
chr1 1670001 1671000 0.315
chr1 1671001 1672000 0.3
chr1 1672001 1673000 0.342
chr1 1673001 1674000 0.35
chr1 1674001 1675000 0.305
chr1 1675001 1676000 0.319
chr1 1676001 1677000 0.294
chr1 1677001 1678000 0.3
chr1 1678001 1679000 0.337
chr1 1679001 1680000 0.365
chr1 1680001 1681000 0.279
chr1 1681001 1682000 0.298
chr1 1682001 1683000 0.263
chr1 1683001 1684000 0.315
chr1 1684001 1685000 0.36
chr1 1685001 1686000 0.371
chr1 1686001 1687000 0.294
chr1 1687001 1688000 0.336
chr1 1688001 1689000 0.34
chr1 1689001 1690000 0.349
chr1 1690001 1691000 0.35
chr1 1691001 1692000 0.329
chr1 1692001 1693000 0.293
chr1 1693001 1694000 0.331
chr1 1694001 1695000 0.301
chr1 1695001 1696000 0.301
chr1 1696001 1697000 0.287
chr1 1697001 1698000 0.315
chr1 1698001 1699000 0.335
chr1 1699001 1700000 0.265
chr1 1700001 1701000 0.322
chr1 1701001 1702000 0.274
chr1 1702001 1703000 0.319
chr1 1703001 1704000 0.313
chr1 1704001 1705000 0.292
chr1 1705001 1706000 0.313
chr1 1706001 1707000 0.306
chr1 1707001 1708000 0.344
chr1 1708001 1709000 0.319
chr1 1709001 1710000 0.345
chr1 1710001 1711000 0.303
chr1 1711001 1712000 0.322
chr1 1712001 1713000 0.317
chr1 1713001 1714000 0.319
chr1 1714001 1715000 0.284
chr1 1715001 1716000 0.376
chr1 1716001 1717000 0.324
chr1 1717001 1718000 0.308
chr1 1718001 1719000 0.328
chr1 1719001 1720000 0.325
chr1 1720001 1721000 0.276
chr1 1721001 1722000 0.352
chr1 1722001 1723000 0.371
chr1 1723001 1724000 0.337
chr1 1724001 1725000 0.326
chr1 1725001 1726000 0.317
chr1 1726001 1727000 0.313
chr1 1727001 1728000 0.323
chr1 1728001 1729000 0.318
chr1 1729001 1730000 0.323
chr1 1730001 1731000 0.297
chr1 1731001 1732000 0.321
chr1 1732001 1733000 0.297
chr1 1733001 1734000 0.292
chr1 1734001 1735000 0.289
chr1 1735001 1736000 0.282
chr1 1736001 1737000 0.267
chr1 1737001 1738000 0.282
chr1 1738001 1739000 0.284
chr1 1739001 1740000 0.269
chr1 1740001 1741000 0.331
chr1 1741001 1742000 0.295
chr1 1742001 1743000 0.338
chr1 1743001 1744000 0.314
chr1 1744001 1745000 0.349
chr1 1745001 1746000 0.324
chr1 1746001 1747000 0.33
chr1 1747001 1748000 0.368
chr1 1748001 1749000 0.308
chr1 1749001 1750000 0.303
chr1 1750001 1751000 0.333
chr1 1751001 1752000 0.301
chr1 1752001 1753000 0.29
chr1 1753001 1754000 0.279
chr1 1754001 1755000 0.345
chr1 1755001 1756000 0.329
chr1 1756001 1757000 0.352
chr1 1757001 1758000 0.362
chr1 1758001 1759000 0.31
chr1 1759001 1760000 0.293
chr1 1760001 1761000 0.304
chr1 1761001 1762000 0.285
chr1 1762001 1763000 0.292
chr1 1763001 1764000 0.358
chr1 1764001 1765000 0.375
chr1 1765001 1766000 0.346
chr1 1766001 1767000 0.324
chr1 1767001 1768000 0.292
chr1 1768001 1769000 0.377
chr1 1769001 1770000 0.333
chr1 1770001 1771000 0.33
chr1 1771001 1772000 0.309
chr1 1772001 1773000 0.334
chr1 1773001 1774000 0.375
chr1 1774001 1775000 0.341
chr1 1775001 1776000 0.361
chr1 1776001 1777000 0.348
chr1 1777001 1778000 0.345
chr1 1778001 1779000 0.342
chr1 1779001 1780000 0.354
chr1 1780001 1781000 0.344
chr1 1781001 1782000 0.306
chr1 1782001 1783000 0.338
chr1 1783001 1784000 0.359
chr1 1784001 1785000 0.288
chr1 1785001 1786000 0.292
chr1 1786001 1787000 0.279
chr1 1787001 1788000 0.317
chr1 1788001 1789000 0.317
chr1 1789001 1790000 0.352
chr1 1790001 1791000 0.306
chr1 1791001 1792000 0.327
chr1 1792001 1793000 0.331
chr1 1793001 1794000 0.318
chr1 1794001 1795000 0.328
chr1 1795001 1796000 0.365
chr1 1796001 1797000 0.29
chr1 1797001 1798000 0.307
chr1 1798001 1799000 0.303
chr1 1799001 1800000 0.377
chr1 1800001 1801000 0.374
chr1 1801001 1802000 0.383
chr1 1802001 1803000 0.36
chr1 1803001 1804000 0.361
chr1 1804001 1805000 0.287
chr1 1805001 1806000 0.309
chr1 1806001 1807000 0.282
chr1 1807001 1808000 0.297
chr1 1808001 1809000 0.322
chr1 1809001 1810000 0.298
chr1 1810001 1811000 0.306
chr1 1811001 1812000 0.308
chr1 1812001 1813000 0.324
chr1 1813001 1814000 0.334
chr1 1814001 1815000 0.352
chr1 1815001 1816000 0.336
chr1 1816001 1817000 0.33
chr1 1817001 1818000 0.278
chr1 1818001 1819000 0.318
chr1 1819001 1820000 0.339
chr1 1820001 1821000 0.356
chr1 1821001 1822000 0.353
chr1 1822001 1823000 0.325
chr1 1823001 1824000 0.331
chr1 1824001 1825000 0.315
chr1 1825001 1826000 0.3
chr1 1826001 1827000 0.312
chr1 1827001 1828000 0.345
chr1 1828001 1829000 0.3
chr1 1829001 1830000 0.313
chr1 1830001 1831000 0.299
chr1 1831001 1832000 0.336
chr1 1832001 1833000 0.324
chr1 1833001 1834000 0.315
chr1 1834001 1835000 0.317
chr1 1835001 1836000 0.314
chr1 1836001 1837000 0.314
chr1 1837001 1838000 0.313
chr1 1838001 1839000 0.294
chr1 1839001 1840000 0.312
chr1 1840001 1841000 0.276
chr1 1841001 1842000 0.317
chr1 1842001 1843000 0.341
chr1 1843001 1844000 0.353
chr1 1844001 1845000 0.348
chr1 1845001 1846000 0.34
chr1 1846001 1847000 0.319
chr1 1847001 1848000 0.278
chr1 1848001 1849000 0.315
chr1 1849001 1850000 0.321
chr1 1850001 1851000 0.33
chr1 1851001 1852000 0.318
chr1 1852001 1853000 0.314
chr1 1853001 1854000 0.307
chr1 1854001 1855000 0.345
chr1 1855001 1856000 0.35
chr1 1856001 1857000 0.384
chr1 1857001 1858000 0.353
chr1 1858001 1859000 0.338
chr1 1859001 1860000 0.349
chr1 1860001 1861000 0.285
chr1 1861001 1862000 0.305
chr1 1862001 1863000 0.256
chr1 1863001 1864000 0.287
chr1 1864001 1865000 0.274
chr1 1865001 1866000 0.257
chr1 1866001 1867000 0.321
chr1 1867001 1868000 0.249
chr1 1868001 1869000 0.341
chr1 1869001 1870000 0.314
chr1 1870001 1871000 0.306
chr1 1871001 1872000 0.295
chr1 1872001 1873000 0.356
chr1 1873001 1874000 0.329
chr1 1874001 1875000 0.359
chr1 1875001 1876000 0.278
chr1 1876001 1877000 0.32
chr1 1877001 1878000 0.307
chr1 1878001 1879000 0.309
chr1 1879001 1880000 0.302
chr1 1880001 1881000 0.329
chr1 1881001 1882000 0.314
chr1 1882001 1883000 0.346
chr1 1883001 1884000 0.334
chr1 1884001 1885000 0.353
chr1 1885001 1886000 0.335
chr1 1886001 1887000 0.302
chr1 1887001 1888000 0.327
chr1 1888001 1889000 0.326
chr1 1889001 1890000 0.309
chr1 1890001 1891000 0.339
chr1 1891001 1892000 0.354
chr1 1892001 1893000 0.318
chr1 1893001 1894000 0.332
chr1 1894001 1895000 0.33
chr1 1895001 1896000 0.305
chr1 1896001 1897000 0.334
chr1 1897001 1898000 0.343
chr1 1898001 1899000 0.348
chr1 1899001 1900000 0.314
chr1 1900001 1901000 0.308
chr1 1901001 1902000 0.297
chr1 1902001 1903000 0.32
chr1 1903001 1904000 0.354
chr1 1904001 1905000 0.333
chr1 1905001 1906000 0.328
chr1 1906001 1907000 0.359
chr1 1907001 1908000 0.354
chr1 1908001 1909000 0.359
chr1 1909001 1910000 0.347
chr1 1910001 1911000 0.37
chr1 1911001 1912000 0.325
chr1 1912001 1913000 0.325
chr1 1913001 1914000 0.305
chr1 1914001 1915000 0.308
chr1 1915001 1916000 0.318
chr1 1916001 1917000 0.323
chr1 1917001 1918000 0.354
chr1 1918001 1919000 0.319
chr1 1919001 1920000 0.358
chr1 1920001 1921000 0.324
chr1 1921001 1922000 0.27
chr1 1922001 1923000 0.305
chr1 1923001 1924000 0.346
chr1 1924001 1925000 0.347
chr1 1925001 1926000 0.316
chr1 1926001 1927000 0.349
chr1 1927001 1928000 0.327
chr1 1928001 1929000 0.344
chr1 1929001 1930000 0.316
chr1 1930001 1931000 0.318
chr1 1931001 1932000 0.317
chr1 1932001 1933000 0.298
chr1 1933001 1934000 0.33
chr1 1934001 1935000 0.334
chr1 1935001 1936000 0.301
chr1 1936001 1937000 0.365
chr1 1937001 1938000 0.316
chr1 1938001 1939000 0.354
chr1 1939001 1940000 0.339
chr1 1940001 1941000 0.352
chr1 1941001 1942000 0.318
chr1 1942001 1943000 0.325
chr1 1943001 1944000 0.317
chr1 1944001 1945000 0.316
chr1 1945001 1946000 0.332
chr1 1946001 1947000 0.342
chr1 1947001 1948000 0.342
chr1 1948001 1949000 0.3
chr1 1949001 1950000 0.327
chr1 1950001 1951000 0.368
chr1 1951001 1952000 0.315
chr1 1952001 1953000 0.294
chr1 1953001 1954000 0.298
chr1 1954001 1955000 0.297
chr1 1955001 1956000 0.335
chr1 1956001 1957000 0.349
chr1 1957001 1958000 0.375
chr1 1958001 1959000 0.304
chr1 1959001 1960000 0.276
chr1 1960001 1961000 0.259
chr1 1961001 1962000 0.291
chr1 1962001 1963000 0.331
chr1 1963001 1964000 0.365
chr1 1964001 1965000 0.327
chr1 1965001 1966000 0.319
chr1 1966001 1967000 0.322
chr1 1967001 1968000 0.369
chr1 1968001 1969000 0.342
chr1 1969001 1970000 0.315
chr1 1970001 1971000 0.334
chr1 1971001 1972000 0.351
chr1 1972001 1973000 0.353
chr1 1973001 1974000 0.304
chr1 1974001 1975000 0.307
chr1 1975001 1976000 0.323
chr1 1976001 1977000 0.337
chr1 1977001 1978000 0.354
chr1 1978001 1979000 0.304
chr1 1979001 1980000 0.34
chr1 1980001 1981000 0.351
chr1 1981001 1982000 0.362
chr1 1982001 1983000 0.347
chr1 1983001 1984000 0.323
chr1 1984001 1985000 0.367
chr1 1985001 1986000 0.295
chr1 1986001 1987000 0.358
chr1 1987001 1988000 0.33
chr1 1988001 1989000 0.305
chr1 1989001 1990000 0.309
chr1 1990001 1991000 0.342
chr1 1991001 1992000 0.334
chr1 1992001 1993000 0.368
chr1 1993001 1994000 0.32
chr1 1994001 1995000 0.333
chr1 1995001 1996000 0.322
chr1 1996001 1997000 0.34
chr1 1997001 1998000 0.339
chr1 1998001 1999000 0.304
chr1 1999001 2000000 0.303
chr1 2000001 2001000 0.322
chr1 2001001 2002000 0.322
chr1 2002001 2003000 0.336
chr1 2003001 2004000 0.29
chr1 2004001 2005000 0.308
chr1 2005001 2006000 0.335
chr1 2006001 2007000 0.32
chr1 2007001 2008000 0.353
chr1 2008001 2009000 0.305
chr1 2009001 2010000 0.327
chr1 2010001 2011000 0.362
chr1 2011001 2012000 0.347
chr1 2012001 2013000 0.305
chr1 2013001 2014000 0.317
chr1 2014001 2015000 0.322
chr1 2015001 2016000 0.291
chr1 2016001 2017000 0.332
chr1 2017001 2018000 0.321
chr1 2018001 2019000 0.333
chr1 2019001 2020000 0.314
chr1 2020001 2021000 0.29
chr1 2021001 2022000 0.33
chr1 2022001 2023000 0.334
chr1 2023001 2024000 0.368
chr1 2024001 2025000 0.333
chr1 2025001 2026000 0.335
chr1 2026001 2027000 0.311
chr1 2027001 2028000 0.321
chr1 2028001 2029000 0.325
chr1 2029001 2030000 0.322
chr1 2030001 2031000 0.334
chr1 2031001 2032000 0.32
chr1 2032001 2033000 0.356
chr1 2033001 2034000 0.305
chr1 2034001 2035000 0.319
chr1 2035001 2036000 0.276
chr1 2036001 2037000 0.306
chr1 2037001 2038000 0.315
chr1 2038001 2039000 0.328
chr1 2039001 2040000 0.312
chr1 2040001 2041000 0.317
chr1 2041001 2042000 0.317
chr1 2042001 2043000 0.265
chr1 2043001 2044000 0.302
chr1 2044001 2045000 0.278
chr1 2045001 2046000 0.287
chr1 2046001 2047000 0.318
chr1 2047001 2048000 0.285
chr1 2048001 2049000 0.279
chr1 2049001 2050000 0.289
chr1 2050001 2051000 0.289
chr1 2051001 2052000 0.291
chr1 2052001 2053000 0.323
chr1 2053001 2054000 0.264
chr1 2054001 2055000 0.286
chr1 2055001 2056000 0.262
chr1 2056001 2057000 0.302
chr1 2057001 2058000 0.289
chr1 2058001 2059000 0.284
chr1 2059001 2060000 0.3
chr1 2060001 2061000 0.311
chr1 2061001 2062000 0.303
chr1 2062001 2063000 0.345
chr1 2063001 2064000 0.346
chr1 2064001 2065000 0.34
chr1 2065001 2066000 0.307
chr1 2066001 2067000 0.288
chr1 2067001 2068000 0.335
chr1 2068001 2069000 0.371
chr1 2069001 2070000 0.317
chr1 2070001 2071000 0.287
chr1 2071001 2072000 0.321
chr1 2072001 2073000 0.295
chr1 2073001 2074000 0.338
chr1 2074001 2075000 0.309
chr1 2075001 2076000 0.34
chr1 2076001 2077000 0.33
chr1 2077001 2078000 0.303
chr1 2078001 2079000 0.304
chr1 2079001 2080000 0.291
chr1 2080001 2081000 0.263
chr1 2081001 2082000 0.315
chr1 2082001 2083000 0.312
chr1 2083001 2084000 0.363
chr1 2084001 2085000 0.277
chr1 2085001 2086000 0.367
chr1 2086001 2087000 0.355
chr1 2087001 2088000 0.328
chr1 2088001 2089000 0.339
chr1 2089001 2090000 0.321
chr1 2090001 2091000 0.337
chr1 2091001 2092000 0.366
chr1 2092001 2093000 0.337
chr1 2093001 2094000 0.313
chr1 2094001 2095000 0.327
chr1 2095001 2096000 0.338
chr1 2096001 2097000 0.265
chr1 2097001 2098000 0.276
chr1 2098001 2099000 0.297
chr1 2099001 2100000 0.303
chr1 2100001 2101000 0.294
chr1 2101001 2102000 0.322
chr1 2102001 2103000 0.316
chr1 2103001 2104000 0.328
chr1 2104001 2105000 0.326
chr1 2105001 2106000 0.329
chr1 2106001 2107000 0.317
chr1 2107001 2108000 0.331
chr1 2108001 2109000 0.319
chr1 2109001 2110000 0.347
chr1 2110001 2111000 0.349
chr1 2111001 2112000 0.316
chr1 2112001 2113000 0.357
chr1 2113001 2114000 0.357
chr1 2114001 2115000 0.313
chr1 2115001 2116000 0.308
chr1 2116001 2117000 0.32
chr1 2117001 2118000 0.276
chr1 2118001 2119000 0.302
chr1 2119001 2120000 0.299
chr1 2120001 2121000 0.323
chr1 2121001 2122000 0.301
chr1 2122001 2123000 0.292
chr1 2123001 2124000 0.288
chr1 2124001 2125000 0.346
chr1 2125001 2126000 0.319
chr1 2126001 2127000 0.317
chr1 2127001 2128000 0.357
chr1 2128001 2129000 0.343
chr1 2129001 2130000 0.318
chr1 2130001 2131000 0.326
chr1 2131001 2132000 0.328
chr1 2132001 2133000 0.333
chr1 2133001 2134000 0.329
chr1 2134001 2135000 0.332
chr1 2135001 2136000 0.359
chr1 2136001 2137000 0.36
chr1 2137001 2138000 0.346
chr1 2138001 2139000 0.378
chr1 2139001 2140000 0.321
chr1 2140001 2141000 0.347
chr1 2141001 2142000 0.34
chr1 2142001 2143000 0.3
chr1 2143001 2144000 0.27
chr1 2144001 2145000 0.316
chr1 2145001 2146000 0.317
chr1 2146001 2147000 0.328
chr1 2147001 2148000 0.291
chr1 2148001 2149000 0.343
chr1 2149001 2150000 0.299
chr1 2150001 2151000 0.312
chr1 2151001 2152000 0.328
chr1 2152001 2153000 0.242
chr1 2153001 2154000 0.23
chr1 2154001 2155000 0.347
chr1 2155001 2156000 0.36
chr1 2156001 2157000 0.348
chr1 2157001 2158000 0.368
chr1 2158001 2159000 0.296
chr1 2159001 2160000 0.299
chr1 2160001 2161000 0.271
chr1 2161001 2162000 0.314
chr1 2162001 2163000 0.309
chr1 2163001 2164000 0.278
chr1 2164001 2165000 0.328
chr1 2165001 2166000 0.321
chr1 2166001 2167000 0.339
chr1 2167001 2168000 0.32
chr1 2168001 2169000 0.325
chr1 2169001 2170000 0.306
chr1 2170001 2171000 0.357
chr1 2171001 2172000 0.332
chr1 2172001 2173000 0.313
chr1 2173001 2174000 0.301
chr1 2174001 2175000 0.342
chr1 2175001 2176000 0.34
chr1 2176001 2177000 0.339
chr1 2177001 2178000 0.358
chr1 2178001 2179000 0.377
chr1 2179001 2180000 0.352
chr1 2180001 2181000 0.351
chr1 2181001 2182000 0.369
chr1 2182001 2183000 0.353
chr1 2183001 2184000 0.358
chr1 2184001 2185000 0.358
chr1 2185001 2186000 0.369
chr1 2186001 2187000 0.386
chr1 2187001 2188000 0.362
chr1 2188001 2189000 0.392
chr1 2189001 2190000 0.363
chr1 2190001 2191000 0.356
chr1 2191001 2192000 0.357
chr1 2192001 2193000 0.354
chr1 2193001 2194000 0.374
chr1 2194001 2195000 0.352
chr1 2195001 2196000 0.349
chr1 2196001 2197000 0.38
chr1 2197001 2198000 0.363
chr1 2198001 2199000 0.405
chr1 2199001 2200000 0.365
chr1 2200001 2201000 0.364
chr1 2201001 2202000 0.356
chr1 2202001 2203000 0.375
chr1 2203001 2204000 0.343
chr1 2204001 2205000 0.397
chr1 2205001 2206000 0.325
chr1 2206001 2207000 0.332
chr1 2207001 2208000 0.318
chr1 2208001 2209000 0.374
chr1 2209001 2210000 0.343
chr1 2210001 2211000 0.36
chr1 2211001 2212000 0.27
chr1 2212001 2213000 0.307
chr1 2213001 2214000 0.304
chr1 2214001 2215000 0.318
chr1 2215001 2216000 0.312
chr1 2216001 2217000 0.329
chr1 2217001 2218000 0.297
chr1 2218001 2219000 0.345
chr1 2219001 2220000 0.343
chr1 2220001 2221000 0.306
chr1 2221001 2222000 0.286
chr1 2222001 2223000 0.317
chr1 2223001 2224000 0.351
chr1 2224001 2225000 0.332
chr1 2225001 2226000 0.317
chr1 2226001 2227000 0.291
chr1 2227001 2228000 0.349
chr1 2228001 2229000 0.304
chr1 2229001 2230000 0.28
chr1 2230001 2231000 0.317
chr1 2231001 2232000 0.309
chr1 2232001 2233000 0.298
chr1 2233001 2234000 0.344
chr1 2234001 2235000 0.293
chr1 2235001 2236000 0.323
chr1 2236001 2237000 0.313
chr1 2237001 2238000 0.309
chr1 2238001 2239000 0.304
chr1 2239001 2240000 0.367
chr1 2240001 2241000 0.335
chr1 2241001 2242000 0.348
chr1 2242001 2243000 0.28
chr1 2243001 2244000 0.32
chr1 2244001 2245000 0.345
chr1 2245001 2246000 0.299
chr1 2246001 2247000 0.28
chr1 2247001 2248000 0.358
chr1 2248001 2249000 0.353
chr1 2249001 2250000 0.323
chr1 2250001 2251000 0.304
chr1 2251001 2252000 0.317
chr1 2252001 2253000 0.345
chr1 2253001 2254000 0.327
chr1 2254001 2255000 0.309
chr1 2255001 2256000 0.378
chr1 2256001 2257000 0.325
chr1 2257001 2258000 0.307
chr1 2258001 2259000 0.304
chr1 2259001 2260000 0.334
chr1 2260001 2261000 0.295
chr1 2261001 2262000 0.273
chr1 2262001 2263000 0.294
chr1 2263001 2264000 0.302
chr1 2264001 2265000 0.317
chr1 2265001 2266000 0.331
chr1 2266001 2267000 0.331
chr1 2267001 2268000 0.324
chr1 2268001 2269000 0.303
chr1 2269001 2270000 0.329
chr1 2270001 2271000 0.344
chr1 2271001 2272000 0.314
chr1 2272001 2273000 0.32
chr1 2273001 2274000 0.323
chr1 2274001 2275000 0.329
chr1 2275001 2276000 0.32
chr1 2276001 2277000 0.313
chr1 2277001 2278000 0.316
chr1 2278001 2279000 0.329
chr1 2279001 2280000 0.354
chr1 2280001 2281000 0.325
chr1 2281001 2282000 0.323
chr1 2282001 2283000 0.31
chr1 2283001 2284000 0.343
chr1 2284001 2285000 0.358
chr1 2285001 2286000 0.283
chr1 2286001 2287000 0.322
chr1 2287001 2288000 0.302
chr1 2288001 2289000 0.351
chr1 2289001 2290000 0.378
chr1 2290001 2291000 0.376
chr1 2291001 2292000 0.333
chr1 2292001 2293000 0.304
chr1 2293001 2294000 0.306
chr1 2294001 2295000 0.283
chr1 2295001 2296000 0.317
chr1 2296001 2297000 0.334
chr1 2297001 2298000 0.288
chr1 2298001 2299000 0.36
chr1 2299001 2300000 0.344
chr1 2300001 2301000 0.311
chr1 2301001 2302000 0.316
chr1 2302001 2303000 0.288
chr1 2303001 2304000 0.326
chr1 2304001 2305000 0.307
chr1 2305001 2306000 0.357
chr1 2306001 2307000 0.339
chr1 2307001 2308000 0.336
chr1 2308001 2309000 0.299
chr1 2309001 2310000 0.262
chr1 2310001 2311000 0.269
chr1 2311001 2312000 0.284
chr1 2312001 2313000 0.31
chr1 2313001 2314000 0.331
chr1 2314001 2315000 0.338
chr1 2315001 2316000 0.283
chr1 2316001 2317000 0.283
chr1 2317001 2318000 0.306
chr1 2318001 2319000 0.35
chr1 2319001 2320000 0.322
chr1 2320001 2321000 0.294
chr1 2321001 2322000 0.315
chr1 2322001 2323000 0.295
chr1 2323001 2324000 0.34
chr1 2324001 2325000 0.331
chr1 2325001 2326000 0.301
chr1 2326001 2327000 0.319
chr1 2327001 2328000 0.345
chr1 2328001 2329000 0.285
chr1 2329001 2330000 0.328
chr1 2330001 2331000 0.313
chr1 2331001 2332000 0.312
chr1 2332001 2333000 0.334
chr1 2333001 2334000 0.327
chr1 2334001 2335000 0.337
chr1 2335001 2336000 0.336
chr1 2336001 2337000 0.337
chr1 2337001 2338000 0.298
chr1 2338001 2339000 0.345
chr1 2339001 2340000 0.369
chr1 2340001 2341000 0.277
chr1 2341001 2342000 0.352
chr1 2342001 2343000 0.319
chr1 2343001 2344000 0.342
chr1 2344001 2345000 0.362
chr1 2345001 2346000 0.329
chr1 2346001 2347000 0.371
chr1 2347001 2348000 0.298
chr1 2348001 2349000 0.292
chr1 2349001 2350000 0.33
chr1 2350001 2351000 0.321
chr1 2351001 2352000 0.352
chr1 2352001 2353000 0.301
chr1 2353001 2354000 0.271
chr1 2354001 2355000 0.276
chr1 2355001 2356000 0.282
chr1 2356001 2357000 0.311
chr1 2357001 2358000 0.294
chr1 2358001 2359000 0.319
chr1 2359001 2360000 0.331
chr1 2360001 2361000 0.321
chr1 2361001 2362000 0.33
chr1 2362001 2363000 0.344
chr1 2363001 2364000 0.266
chr1 2364001 2365000 0.279
chr1 2365001 2366000 0.279
chr1 2366001 2367000 0.278
chr1 2367001 2368000 0.344
chr1 2368001 2369000 0.349
chr1 2369001 2370000 0.367
chr1 2370001 2371000 0.327
chr1 2371001 2372000 0.347
chr1 2372001 2373000 0.311
chr1 2373001 2374000 0.342
chr1 2374001 2375000 0.348
chr1 2375001 2376000 0.339
chr1 2376001 2377000 0.293
chr1 2377001 2378000 0.319
chr1 2378001 2379000 0.351
chr1 2379001 2380000 0.356
chr1 2380001 2381000 0.323
chr1 2381001 2382000 0.324
chr1 2382001 2383000 0.319
chr1 2383001 2384000 0.319
chr1 2384001 2385000 0.365
chr1 2385001 2386000 0.344
chr1 2386001 2387000 0.331
chr1 2387001 2388000 0.36
chr1 2388001 2389000 0.272
chr1 2389001 2390000 0.351
chr1 2390001 2391000 0.354
chr1 2391001 2392000 0.326
chr1 2392001 2393000 0.362
chr1 2393001 2394000 0.34
chr1 2394001 2395000 0.331
chr1 2395001 2396000 0.319
chr1 2396001 2397000 0.329
chr1 2397001 2398000 0.341
chr1 2398001 2399000 0.349
chr1 2399001 2400000 0.306
chr1 2400001 2401000 0.298
chr1 2401001 2402000 0.356
chr1 2402001 2403000 0.294
chr1 2403001 2404000 0.324
chr1 2404001 2405000 0.31
chr1 2405001 2406000 0.345
chr1 2406001 2407000 0.332
chr1 2407001 2408000 0.362
chr1 2408001 2409000 0.351
chr1 2409001 2410000 0.322
chr1 2410001 2411000 0.368
chr1 2411001 2412000 0.335
chr1 2412001 2413000 0.319
chr1 2413001 2414000 0.301
chr1 2414001 2415000 0.294
chr1 2415001 2416000 0.322
chr1 2416001 2417000 0.281
chr1 2417001 2418000 0.308
chr1 2418001 2419000 0.325
chr1 2419001 2420000 0.359
chr1 2420001 2421000 0.357
chr1 2421001 2422000 0.326
chr1 2422001 2423000 0.299
chr1 2423001 2424000 0.32
chr1 2424001 2425000 0.376
chr1 2425001 2426000 0.353
chr1 2426001 2427000 0.322
chr1 2427001 2428000 0.317
chr1 2428001 2429000 0.31
chr1 2429001 2430000 0.306
chr1 2430001 2431000 0.3
chr1 2431001 2432000 0.343
chr1 2432001 2433000 0.327
chr1 2433001 2434000 0.294
chr1 2434001 2435000 0.332
chr1 2435001 2436000 0.328
chr1 2436001 2437000 0.329
chr1 2437001 2438000 0.366
chr1 2438001 2439000 0.327
chr1 2439001 2440000 0.359
chr1 2440001 2441000 0.324
chr1 2441001 2442000 0.343
chr1 2442001 2443000 0.335
chr1 2443001 2444000 0.322
chr1 2444001 2445000 0.323
chr1 2445001 2446000 0.329
chr1 2446001 2447000 0.332
chr1 2447001 2448000 0.324
chr1 2448001 2449000 0.315
chr1 2449001 2450000 0.287
chr1 2450001 2451000 0.285
chr1 2451001 2452000 0.284
chr1 2452001 2453000 0.307
chr1 2453001 2454000 0.321
chr1 2454001 2455000 0.324
chr1 2455001 2456000 0.345
chr1 2456001 2457000 0.338
chr1 2457001 2458000 0.351
chr1 2458001 2459000 0.305
chr1 2459001 2460000 0.369
chr1 2460001 2461000 0.327
chr1 2461001 2462000 0.338
chr1 2462001 2463000 0.35
chr1 2463001 2464000 0.333
chr1 2464001 2465000 0.355
chr1 2465001 2466000 0.255
chr1 2466001 2467000 0.325
chr1 2467001 2468000 0.332
chr1 2468001 2469000 0.333
chr1 2469001 2470000 0.328
chr1 2470001 2471000 0.339
chr1 2471001 2472000 0.318
chr1 2472001 2473000 0.355
chr1 2473001 2474000 0.31
chr1 2474001 2475000 0.334
chr1 2475001 2476000 0.363
chr1 2476001 2477000 0.333
chr1 2477001 2478000 0.342
chr1 2478001 2479000 0.324
chr1 2479001 2480000 0.317
chr1 2480001 2481000 0.322
chr1 2481001 2482000 0.331
chr1 2482001 2483000 0.314
chr1 2483001 2484000 0.302
chr1 2484001 2485000 0.299
chr1 2485001 2486000 0.354
chr1 2486001 2487000 0.318
chr1 2487001 2488000 0.337
chr1 2488001 2489000 0.337
chr1 2489001 2490000 0.355
chr1 2490001 2491000 0.324
chr1 2491001 2492000 0.313
chr1 2492001 2493000 0.345
chr1 2493001 2494000 0.343
chr1 2494001 2495000 0.297
chr1 2495001 2496000 0.341
chr1 2496001 2497000 0.346
chr1 2497001 2498000 0.286
chr1 2498001 2499000 0.309
chr1 2499001 2500000 0.331
chr1 2500001 2501000 0.35
chr1 2501001 2502000 0.321
chr1 2502001 2503000 0.367
chr1 2503001 2504000 0.32
chr1 2504001 2505000 0.376
chr1 2505001 2506000 0.324
chr1 2506001 2507000 0.358
chr1 2507001 2508000 0.332
chr1 2508001 2509000 0.291
chr1 2509001 2510000 0.346
chr1 2510001 2511000 0.262
chr1 2511001 2512000 0.334
chr1 2512001 2513000 0.305
chr1 2513001 2514000 0.322
chr1 2514001 2515000 0.335
chr1 2515001 2516000 0.35
chr1 2516001 2517000 0.346
chr1 2517001 2518000 0.324
chr1 2518001 2519000 0.314
chr1 2519001 2520000 0.305
chr1 2520001 2521000 0.351
chr1 2521001 2522000 0.313
chr1 2522001 2523000 0.306
chr1 2523001 2524000 0.326
chr1 2524001 2525000 0.308
chr1 2525001 2526000 0.325
chr1 2526001 2527000 0.352
chr1 2527001 2528000 0.299
chr1 2528001 2529000 0.313
chr1 2529001 2530000 0.329
chr1 2530001 2531000 0.315
chr1 2531001 2532000 0.334
chr1 2532001 2533000 0.349
chr1 2533001 2534000 0.353
chr1 2534001 2535000 0.349
chr1 2535001 2536000 0.389
chr1 2536001 2537000 0.348
chr1 2537001 2538000 0.365
chr1 2538001 2539000 0.333
chr1 2539001 2540000 0.317
chr1 2540001 2541000 0.357
chr1 2541001 2542000 0.339
chr1 2542001 2543000 0.357
chr1 2543001 2544000 0.351
chr1 2544001 2545000 0.322
chr1 2545001 2546000 0.269
chr1 2546001 2547000 0.305
chr1 2547001 2548000 0.326
chr1 2548001 2549000 0.33
chr1 2549001 2550000 0.348
chr1 2550001 2551000 0.328
chr1 2551001 2552000 0.345
chr1 2552001 2553000 0.295
chr1 2553001 2554000 0.265
chr1 2554001 2555000 0.322
chr1 2555001 2556000 0.319
chr1 2556001 2557000 0.275
chr1 2557001 2558000 0.305
chr1 2558001 2559000 0.283
chr1 2559001 2560000 0.279
chr1 2560001 2561000 0.347
chr1 2561001 2562000 0.311
chr1 2562001 2563000 0.301
chr1 2563001 2564000 0.319
chr1 2564001 2565000 0.31
chr1 2565001 2566000 0.332
chr1 2566001 2567000 0.372
chr1 2567001 2568000 0.328
chr1 2568001 2569000 0.359
chr1 2569001 2570000 0.389
chr1 2570001 2571000 0.356
chr1 2571001 2572000 0.348
chr1 2572001 2573000 0.363
chr1 2573001 2574000 0.279
chr1 2574001 2575000 0.332
chr1 2575001 2576000 0.341
chr1 2576001 2577000 0.306
chr1 2577001 2578000 0.298
chr1 2578001 2579000 0.304
chr1 2579001 2580000 0.292
chr1 2580001 2581000 0.317
chr1 2581001 2582000 0.309
chr1 2582001 2583000 0.295
chr1 2583001 2584000 0.276
chr1 2584001 2585000 0.274
chr1 2585001 2586000 0.269
chr1 2586001 2587000 0.242
chr1 2587001 2588000 0.252
chr1 2588001 2589000 0.27
chr1 2589001 2590000 0.266
chr1 2590001 2591000 0.348
chr1 2591001 2592000 0.361
chr1 2592001 2593000 0.334
chr1 2593001 2594000 0.341
chr1 2594001 2595000 0.333
chr1 2595001 2596000 0.351
chr1 2596001 2597000 0.28
chr1 2597001 2598000 0.311
chr1 2598001 2599000 0.331
chr1 2599001 2600000 0.318
chr1 2600001 2601000 0.285
chr1 2601001 2602000 0.278
chr1 2602001 2603000 0.339
chr1 2603001 2604000 0.312
chr1 2604001 2605000 0.301
chr1 2605001 2606000 0.321
chr1 2606001 2607000 0.311
chr1 2607001 2608000 0.295
chr1 2608001 2609000 0.348
chr1 2609001 2610000 0.306
chr1 2610001 2611000 0.285
chr1 2611001 2612000 0.304
chr1 2612001 2613000 0.346
chr1 2613001 2614000 0.319
chr1 2614001 2615000 0.339
chr1 2615001 2616000 0.319
chr1 2616001 2617000 0.372
chr1 2617001 2618000 0.298
chr1 2618001 2619000 0.329
chr1 2619001 2620000 0.368
chr1 2620001 2621000 0.318
chr1 2621001 2622000 0.304
chr1 2622001 2623000 0.301
chr1 2623001 2624000 0.309
chr1 2624001 2625000 0.499
chr1 2625001 2626000 0.511
chr1 2626001 2627000 0.496
chr1 2627001 2628000 0.517
chr1 2628001 2629000 0.483
chr1 2629001 2630000 0.449
chr1 2630001 2631000 0.508
chr1 2631001 2632000 0.32
chr1 2632001 2633000 0.283
chr1 2633001 2634000 0.312
chr1 2634001 2635000 0.362
chr1 2635001 2636000 0.303
chr1 2636001 2637000 0.293
chr1 2637001 2638000 0.352
chr1 2638001 2639000 0.3
chr1 2639001 2640000 0.296
chr1 2640001 2641000 0.331
chr1 2641001 2642000 0.342
chr1 2642001 2643000 0.287
chr1 2643001 2644000 0.295
chr1 2644001 2645000 0.307
chr1 2645001 2646000 0.276
chr1 2646001 2647000 0.311
chr1 2647001 2648000 0.305
chr1 2648001 2649000 0.33
chr1 2649001 2650000 0.32
chr1 2650001 2651000 0.332
chr1 2651001 2652000 0.333
chr1 2652001 2653000 0.298
chr1 2653001 2654000 0.328
chr1 2654001 2655000 0.332
chr1 2655001 2656000 0.313
chr1 2656001 2657000 0.291
chr1 2657001 2658000 0.338
chr1 2658001 2659000 0.351
chr1 2659001 2660000 0.284
chr1 2660001 2661000 0.3
chr1 2661001 2662000 0.342
chr1 2662001 2663000 0.316
chr1 2663001 2664000 0.301
chr1 2664001 2665000 0.317
chr1 2665001 2666000 0.315
chr1 2666001 2667000 0.31
chr1 2667001 2668000 0.326
chr1 2668001 2669000 0.338
chr1 2669001 2670000 0.316
chr1 2670001 2671000 0.356
chr1 2671001 2672000 0.356
chr1 2672001 2673000 0.316
chr1 2673001 2674000 0.335
chr1 2674001 2675000 0.31
chr1 2675001 2676000 0.318
chr1 2676001 2677000 0.347
chr1 2677001 2678000 0.366
chr1 2678001 2679000 0.334
chr1 2679001 2680000 0.335
chr1 2680001 2681000 0.31
chr1 2681001 2682000 0.346
chr1 2682001 2683000 0.283
chr1 2683001 2684000 0.272
chr1 2684001 2685000 0.298
chr1 2685001 2686000 0.311
chr1 2686001 2687000 0.35
chr1 2687001 2688000 0.344
chr1 2688001 2689000 0.302
chr1 2689001 2690000 0.338
chr1 2690001 2691000 0.338
chr1 2691001 2692000 0.348
chr1 2692001 2693000 0.316
chr1 2693001 2694000 0.303
chr1 2694001 2695000 0.345
chr1 2695001 2696000 0.282
chr1 2696001 2697000 0.345
chr1 2697001 2698000 0.323
chr1 2698001 2699000 0.275
chr1 2699001 2700000 0.264
chr1 2700001 2701000 0.233
chr1 2701001 2702000 0.251
chr1 2702001 2703000 0.262
chr1 2703001 2704000 0.292
chr1 2704001 2705000 0.251
chr1 2705001 2706000 0.267
chr1 2706001 2707000 0.259
chr1 2707001 2708000 0.329
chr1 2708001 2709000 0.302
chr1 2709001 2710000 0.275
chr1 2710001 2711000 0.307
chr1 2711001 2712000 0.272
chr1 2712001 2713000 0.284
chr1 2713001 2714000 0.292
chr1 2714001 2715000 0.317
chr1 2715001 2716000 0.316
chr1 2716001 2717000 0.327
chr1 2717001 2718000 0.287
chr1 2718001 2719000 0.297
chr1 2719001 2720000 0.259
chr1 2720001 2721000 0.249
chr1 2721001 2722000 0.261
chr1 2722001 2723000 0.293
chr1 2723001 2724000 0.341
chr1 2724001 2725000 0.31
chr1 2725001 2726000 0.331
chr1 2726001 2727000 0.321
chr1 2727001 2728000 0.373
chr1 2728001 2729000 0.347
chr1 2729001 2730000 0.336
chr1 2730001 2731000 0.353
chr1 2731001 2732000 0.347
chr1 2732001 2733000 0.384
chr1 2733001 2734000 0.363
chr1 2734001 2735000 0.313
chr1 2735001 2736000 0.386
chr1 2736001 2737000 0.327
chr1 2737001 2738000 0.347
chr1 2738001 2739000 0.32
chr1 2739001 2740000 0.319
chr1 2740001 2741000 0.353
chr1 2741001 2742000 0.361
chr1 2742001 2743000 0.315
chr1 2743001 2744000 0.336
chr1 2744001 2745000 0.33
chr1 2745001 2746000 0.328
chr1 2746001 2747000 0.329
chr1 2747001 2748000 0.338
chr1 2748001 2749000 0.373
chr1 2749001 2750000 0.327
chr1 2750001 2751000 0.348
chr1 2751001 2752000 0.346
chr1 2752001 2753000 0.313
chr1 2753001 2754000 0.305
chr1 2754001 2755000 0.327
chr1 2755001 2756000 0.323
chr1 2756001 2757000 0.337
chr1 2757001 2758000 0.331
chr1 2758001 2759000 0.325
chr1 2759001 2760000 0.265
chr1 2760001 2761000 0.283
chr1 2761001 2762000 0.324
chr1 2762001 2763000 0.333
chr1 2763001 2764000 0.317
chr1 2764001 2765000 0.312
chr1 2765001 2766000 0.281
chr1 2766001 2767000 0.355
chr1 2767001 2768000 0.311
chr1 2768001 2769000 0.277
chr1 2769001 2770000 0.355
chr1 2770001 2771000 0.363
chr1 2771001 2772000 0.303
chr1 2772001 2773000 0.324
chr1 2773001 2774000 0.346
chr1 2774001 2775000 0.319
chr1 2775001 2776000 0.305
chr1 2776001 2777000 0.267
chr1 2777001 2778000 0.255
chr1 2778001 2779000 0.322
chr1 2779001 2780000 0.307
chr1 2780001 2781000 0.344
chr1 2781001 2782000 0.343
chr1 2782001 2783000 0.316
chr1 2783001 2784000 0.311
chr1 2784001 2785000 0.327
chr1 2785001 2786000 0.367
chr1 2786001 2787000 0.323
chr1 2787001 2788000 0.289
chr1 2788001 2789000 0.326
chr1 2789001 2790000 0.296
chr1 2790001 2791000 0.302
chr1 2791001 2792000 0.343
chr1 2792001 2793000 0.357
chr1 2793001 2794000 0.342
chr1 2794001 2794655 0.2534
